1271.45
1276.29
1273.35
1266.99
1277.53
1276.58
1282.27
1280.47
1290.13
1281.08
1285.12
1295.79
1303.82
1293.72
1291.72
1288.03
1284.05
1276.68
1268.22
1274.85
1271.66
1271.13
1279.75
1287.3
1282.78
1293.98
1310.78
1297.3
1291.2
1301.1
1311.15
1307.44
1320.18
1329.74
1322.37
1331.81
1327.54
1346.59
1349.22
1334.22
1339.71
1333.87
1325.23
1321.43
1308.6
1309.23
1310.13
1291.35
1286.4
1290.96
1285.08
1291.88
1284.13
1288.15
1283.11
1271.53
1282.15
1289.31
1286.53
1277.3
1260.96
1257.85
1258.88
1268.6
1266.65
1268.76
1269.44
1269.64
1259.15
1260.53
1250.06
1255.3
1254.98
1244.49
1241.25
1242.47
1234.11
1228.7
1217.58
1220.51
1217.72
1214.36
1212.46
1225.22
1227.04
1223.42
1220.2
1241.61
1245.51
1249.27
1247.17
1244.72
1256.71
1250.51
1246.48
1243.01
1243.84
1253.73
1253.98
1260.86
1266.55
1266.18
1266.76
1278.01
1287.15
1294.39
1279.8
1279.17
1265.96
1268.92
1263.09
1268.1
1266.76
1255.67
1258.73
1251.22
1260.63
1255.93
1247.07
1261.36
1237.24
1230.82
1228.43
1225.04
1219.1
1221.23
1226.23
1228.01
1228.16
1238.17
1256.76
1256.58
1268.28
1264.3
1269.22
1264.13
1276.31
1284.44
1281.9
1280.21
1289.76
1284.71
1285.69
1287.92
1286.78
1274.86
1254.68
1254.53
1251.7
1255.76
1256.28
1253.5
1249.2
1242.64
1253.45
1251.82
1254.86
1243.57
1245.2
1248.84
1244.81
1234.24
1229.26
1226.61
1219.88
1199.12
1204.3
1204.64
1201.24
1208.31
1215.86
1225.29
1234.81
1234.25
1249.69
1248.44
1252.73
1257.19
1249.56
1237.44
1235.74
1238.47
1234.6
1239.04
1233.7
1228.13
1225.26
1233.62
1228.36
1241.53
1233.85
1235.53
1220.3
1215.96
1209.84
1210.72
1195.7
1191.2
1188.5
1200.69
1208.94
1218.23
1210.32
1204.85
1204.3
1217.07
1202.73
1197.34
1195.43
1191.62
1187.88
1181.1
1172.63
1180.12
1163.65
1158.84
1147.5
1158.19
1141.67
1138.78
1133.3
1128.38
1131.61
1132.35
1138.21
1134.88
1128.5
1142.95
1158.54
1162.22
1159.86
1170.78
1173.98
1169.85
1170.38
1177.43
1171.69
1173.2
1188.31
1194
1183.56
1181.67
1188.32
1212.32
1214.23
1207.89
1216.42
1224.99
1228.73
1221.35
1227.64
1259.2
1277.98
1275.68
1281.64
1305.06
1302.7
1296.81
1288.2
1277.21
1275.47
1268.4
1267.1
1273.87
1264.44
1266.46
1265.76
1269.23
1262.5
1255.85
1251.03
1258.09
1255.25
1252.8
1259.65
1257.08
1254.38
1266.85
1268.44
1311.6
1315.87
1320.37
1321.54
1327.32
1337.95
1337.56
1337.07
1335.17
1314.84
1313.19
1310.35
1314.75
1322.94
1319.05
1327.82
1327.83
1338.3
1345.18
1350
1327.08
1325.21
1313.89
1308.97
1311.11
1323.38
1321.18
1321.97
1324.13
1337.56
1339.09
1341.47
1352.36
1348.73
1346.24
1339.4
1335.97
1338.78
1346.61
1340.73
1335.31
1336
1361.15
1358.18
1363.57
1353.15
1351.28
1335.75
1340.08
1320.26
1315.6
1322.73
1331.43
1316.06
1332.01
1328.85
1337.45
1335.23
1342.64
1333.1
1355.4
1366.33
1360.45
1363.78
1356.45
1350.79
1341.35
1321.9
1319.15
1311.79
1324.6
1315.75
1256.84
1266.22
1268.12
1289.9
1298.65
1278.43
1291.75
1285.72
1283.86
1274.24
1269.8
1262.8
1243.81
1245.34
1244.2
1211
1212.98
1215.32
1204.95
1212.38
1219.8
1224.41
1227.21
1249.13
1251.98
1254.75
1258.5
1278.95
1274.16
1273.45
1263.68
1277.21
1265.84
1263.88
1288.99
1277.74
1279.68
1286.5
1291.55
1293.53
1266.26
1245.83
1243.4
1237.97
1233.03
1248.05
1244.25
1250.19
1232.49
1233.99
1227.89
1242.47
1255.63
1257.88
1240.69
1240.45
1222.47
1231.35
1215.43
1222.6
1232.75
1225.02
1242.2
1221.71
1217.05
1216.82
1220.11
1248.32
1243.75
1255.4
1257.97
1262.57
1232.38
1235.27
1249.45
1272.25
1253.23
1261.44
1267.33
1258.95
1264.25
1239.98
1232.15
1238.67
1223.46
1232.91
1228.75
1226.85
1208.63
1226.8
1230.87
1208.5
1200.44
1209.3
1237.97
1246.7
1197.12
1189.13
1189.23
1173.4
1155.59
1142.63
1129.01
1128.41
1118.21
1115.33
1124.97
1119.91
1107.9
1097.95
1101.2
1100.92
1087.41
1089.68
1088.88
1078.38
1093.59
1086.56
1094.2
1104.15
1108.97
1093.67
1077.68
1074.61
1061.1
1061.44
1069.11
1069.08
1076.1
1070.5
1072.43
1078.4
1066.25
1051.1
1072.32
1061.22
1059.86
1074.77
1071.58
1072.78
1074.96
1071.34
1086.44
1062.11
1053.7
1069.29
1064.77
1057.45
1072.33
1071.12
1075.65
1069.18
1078.01
1082.21
1070.73
1070.3
1082.76
1083.91
1085.2
1086.26
1089.67
1092.31
1089.8
1103.92
1107.9
1117.79
1133.84
1142.11
1145.97
1156.1
1166.88
1163.04
1164.45
1166.05
1167.18
1176.04
1170.79
1177.3
1183.1
1184.13
1168.84
1163.85
1156.53
1139.01
1145.54
1147.24
1135.75
1138.6
1113.61
1115.09
1127.43
1131.95
1146.2
1153.95
1130.3
1124.76
1133.44
1139.23
1131.51
1119.52
1105.35
1109.1
1107.95
1110.75
1107.85
1121.55
1119.35
1121.85
1125.46
1134.05
1140.27
1134.93
1133.6
1125
1125.26
1140.49
1155.11
1160.77
1152.2
1133.88
1117.71
1117.7
1115.07
1115.1
1124.47
1108.95
1104.51
1094.15
1089.55
1085.03
1087.7
1086.79
1095.8
1088.76
1096.85
1095.48
1093.98
1099.11
1090.7
1094.24
1101.25
1096.5
1134.14
1145.39
1149.45
1156.06
1157.98
1163.74
1159.43
1158.33
1155.26
1170.33
1169.1
1166.26
1168.79
1172.35
1179.83
1175.52
1173.17
1175.4
1178.63
1185.98
1200.27
1201.94
1185.55
1182.07
1186.43
1181.63
1182.01
1186.06
1176.8
1174.07
1171.94
1176.89
1185.17
1193.01
1189.2
1190.58
1188.4
1188.09
1187.3
1206.6
1206.21
1204.86
1209.8
1207.86
1225.51
1224.8
1221.14
1215.75
1193.94
1183.97
1188.39
1184.51
1192.24
1193.34
1188.33
1178.46
1184.37
1204.71
1212.17
1202.15
1179
1193.97
1187.13
1202.41
1195.89
1204.22
1198.55
1202.58
1192.78
1198.88
1207.59
1194.81
1202.57
1209.22
1214.84
1206.91
1202.61
1203.98
1183.57
1186.07
1198.55
1204.81
1195.47
1193.28
1189.54
1182.54
1171.18
1167.61
1149.57
1154.81
1158.48
1153.73
1155.31
1161.84
1167.21
1167.29
1198.4
1200.34
1203.74
1206.83
1213.18
1209.49
1205
1200.53
1201.83
1201.94
1206.84
1212.42
1209.89
1232.55
1229.76
1221.98
1218.83
1233.55
1239.03
1234.04
1264.82
1269.35
1260.52
1274.41
1283.79
1257.27
1284.49
1292.34
1281.4
1294.08
1302.25
1293.09
1295.32
1275.65
1280.45
1262.75
1228.72
1230.64
1233.31
1223.25
1208.79
1211.41
1218.58
1204.86
1188.39
1181.98
1184.37
1200.55
1183.29
1196
1173.8
1173.8
1176.57
1176.44
1195.74
1198.57
1189.71
1197.01
1193.23
1222.59
1227.72
1226.31
1231.06
1203.51
1192.35
1205.27
1209.43
1198.28
1212.1
1167.38
1192.67
1197.87
1200.98
1197.14
1201.55
1193.79
1182.68
1197.08
1186.57
1188.75
1162.55
1162.6
1164.33
1151.47
1177.97
1141.92
1140.54
1168.39
1165.63
1172.94
1198.85
1212.15
1228.52
1226.62
1231.01
1231.84
1241.27
1248.7
1246.91
1238.32
1238.81
1242.02
1232.83
1235.87
1223.16
1224.33
1221.14
1209.01
1207.3
1191.42
1214.57
1213.82
1208.15
1215.81
1218.38
1221.58
1217.09
1223.42
1215.08
1215.7
1225.15
1223.51
1235.55
1233.22
1229.65
1240.92
1249.77
1255.47
1255.45
1268.81
1261.67
1269.4
1265.4
1286
1287.32
1289.65
1282.63
1281.2
1276.84
1281.1
1276.78
1291.94
1295.73
1298.4
1304.7
1313.52
1312.92
1309.51
1308.48
1309.58
1312.63
1305.9
1288.78
1288.25
1293.75
1282.59
1296.3
1299.11
1304.05
1307.22
1293.66
1304.59
1306.42
1312.49
1310.88
1319.2
1299.21
1294.05
1307.15
1338.7
1335.75
1327.83
1319.24
1319.94
1320.55
1319.53
1326.86
1326.46
1327.33
1316.17
1316.58
1319.18
1318.29
1317.52
1314.82
1320.39
1277.71
1270.58
1272
1276.96
1273.46
1261.07
1259.9
1252.34
1253.23
1253.63
1243.94
1244.95
1243.93
1249.68
1255.56
1258.14
1264.95
1292.91
1292.61
1294.1
1292.04
1294.37
1292.97
1293.52
1296.22
1305.97
1293.63
1295.8
1288.91
1289.43
1289.88
1308.05
1310.28
1299.7
1284.31
1291.6
1295.92
1296.74
1303.25
1293.36
1283.91
1283.81
1289.77
1294.3
1295.12
1302.53
1302.64
1327.99
1318.42
1318.95
1311.8
1308.66
1297.28
1303.5
1286.7
1289.9
1278.95
1284.01
1295.23
1291.31
1304.48
1311.17
1308.76
1334.69
1327.77
1329.59
1355.78
1367.07
1382.92
1370.28
1366.84
1349.01
1339.72
1339.98
1350.82
1336.86
1334.47
1350.61
1326.39
1331.29
1330.64
1340.5
1336.97
1324.25
1322.97
1311.6
1322.02
1331.5
1318.66
1302.92
1291.15
1291.36
1274.78
1267.27
1258.2
1257.92
1254.65
1257.65
1244.55
1243.78
1267.34
1256.83
1257.11
1270.06
1264.13
1237.15
1241.41
1254.35
1254.05
1242.39
1241.88
1245.19
1253.31
1248.5
1227.98
1225.99
1232.08
1238.06
1236.97
1224.6
1205.9
1201.64
1196.57
1213.27
1210.64
1204.62
1204.35
1198.86
1203.24
1188.68
1218.53
1230.89
1241.32
1238.69
1225.49
1252.32
1262.19
1240.35
1229.1
1225.23
1243.79
1223.42
1219.83
1253.35
1244.65
1237.9
1242.85
1251.38
1243.8
1242.91
1244.33
1275.72
1275.44
1290.18
1287.18
1281.75
1268.04
1282.81
1288.5
1307.63
1317.89
1311.68
1314.64
1316.18
1323.06
1344.55
1345.05
1352.63
1350.62
1346.75
1333.47
1340.11
1316.02
1316.25
1320.32
1282.51
1282.35
1272.48
1272.2
1287.6
1305.59
1319.29
1323.1
1311.09
1316.86
1316.03
1287.54
1329.03
1336.88
1324.08
1334.36
1323.26
1322.72
1325.85
1366.25
1363.77
1310.6
1312.79
1326.17
1321.73
1365.31
1363.88
1386.97
1391.8
1367.48
1391.57
1412.41
1389.77
1395.27
1407.79
1417.51
1415.15
1404.65
1397.73
1376.14
1366.66
1371.23
1366
1376.57
1366.18
1336.16
1321.67
1338.39
1314.46
1313.27
1287.61
1283.19
1303.01
1312.03
1310.2
1325.07
1326.37
1328.1
1333.16
1333.83
1322.14
1345.18
1335.82
1296.03
1284.23
1276.02
1292.13
1284.7
1285.59
1286.01
1259.72
1251.39
1236.98
1223.14
1249.89
1252.88
1243.43
1252.52
1234.53
1200.67
1226.59
1277.65
1282.39
1296.42
1284.97
1351.31
1367.67
1385.27
1390.67
1386.15
1389.02
1378.33
1386.5
1382.97
1413.97
1403.43
1399.56
1411.35
1387.8
1414
1392.95
1381.12
1394.78
1386.64
1391.05
1370.27
1376.29
1393.85
1359.5
1385.97
1393.03
1425.46
1430.59
1448.55
1458.15
1473.94
1452.7
1469.46
1470.75
1467.07
1457.64
1476.71
1475.84
1461.92
1467.9
1431.99
1413
1426.45
1403.79
1390.5
1376.25
1367.36
1348.21
1482.75
1561.5
1558.42
1585.35
1573.47
1581.25
1554.8
1557.9
1575.89
1599.52
1597.5
1596.97
1605.27
1600.05
1605.3
1608.55
1614.85
1606.92
1612.87
1605.49
1592.1
1590.19
1587.7
1592.8
1581.6
1578.97
1579
1583.97
1575.5
1573.83
1576.18
1579.61
1597.1
1613.76
1593.46
1581.16
1576.27
1564.55
1605.05
1609.78
1610.15
1634.85
1642.5
1651.33
1648.07
1667.25
1671.4
1677.57
1672.95
1674.3
1667.4
1663.7
1677
1663.8
1655.61
1658.65
1667.97
1685.84
1692.75
1690.05
1684.25
1687.64
1679.93
1679.62
1667.8
1662.98
1675.36
1657.63
1659.13
1646.92
1656.1
1663.99
1686.89
1675.92
1675.35
1655.7
1664.1
1659.45
1657.98
1657.84
1657.22
1647.92
1667.18
1671.23
1698.32
1696.15
1697.1
1711.71
1709.95
1713.11
1704.07
1699.88
1693.9
1697.59
1715.96
1714.98
1725.74
1719.69
1742.09
1748.7
1753
1729.55
1728.69
1727.05
1731.72
1713.72
1715.75
1726.5
1724.95
1728.2
1731.07
1731.4
1717.55
1716
1684.97
1678
1714.2
1720.65
1709.6
1709.25
1711.2
1712.1
1702.04
1707.63
1728.6
1721.75
1741.4
1750.15
1747.47
1737.4
1754.03
1767.18
1762.29
1764.2
1774.55
1780.7
1790.15
1777.88
1774.57
1775.43
1772.25
1777.38
1752.75
1760.64
1764.4
1773.1
1768.53
1770.3
1771.31
1761.25
1770.5
1767.12
1730.75
1731.88
1726.06
1735.85
1700.33
1692.93
1695.88
1692.33
1691.85
1655.6
1656.5
1666.75
1663.97
1670.5
1670.53
1654.5
1637.8
1620.5
1616.4
1615.13
1603.1
1599.05
1609.75
1620.15
1617.18
1612.55
1612.35
1610.68
1603.55
1588.05
1599.58
1614.58
1621.96
1623.2
1615.85
1603.85
1581.18
1576.75
1584.53
1581.54
1573.45
1583.41
1589.4
1589.6
1571.73
1576.38
1567.15
1587.65
1583.85
1604.58
1615.65
1617.45
1597.01
1597.45
1552.68
1574.19
1572.86
1584.38
1572.43
1566.37
1607.5
1618.39
1628.09
1627.1
1623.6
1617.16
1609.71
1596.8
1593.4
1589.32
1619.55
1617.05
1619
1624
1560.51
1562.93
1555.34
1573.33
1573
1559.3
1561.53
1568.5
1593.33
1593.03
1574.14
1539.75
1544.1
1556.73
1579.35
1594.01
1589.55
1605.4
1638.45
1642.35
1636.05
1653.45
1662.4
1664.75
1662.85
1657.35
1643.72
1642.25
1638.84
1643.05
1642.82
1642.24
1649.59
1652.01
1658.38
1675.78
1658.98
1659.93
1640.26
1640.3
1631.15
1620.55
1645.85
1677.75
1668.15
1661.57
1663.55
1680.75
1690.18
1661.7
1645.91
1650.55
1650.86
1664.5
1659.98
1658.66
1644.79
1674.03
1701.34
1713.85
1699.85
1684.91
1674.38
1706.32
1712.45
1718.25
1696.76
1784.25
1767.65
1772.35
1780.78
1776.3
1759.25
1734.93
1723.49
1728.25
1728.18
1720.23
1722.25
1721.85
1729.54
1733.13
1745.45
1720.25
1726.33
1759.55
1743.53
1737.76
1729.85
1738.95
1720.08
1710.8
1665.25
1676.85
1666.6
1658.5
1659.84
1652.38
1643.88
1638.92
1649.99
1641.99
1632.33
1611.15
1617.08
1622.71
1611.95
1603.95
1566.37
1564.91
1545.65
1556.8
1592.95
1607.25
1606.88
1606.07
1615.17
1615.69
1594.35
1598.95
1570.52
1573.9
1631.5
1666.49
1711.47
1708.27
1741.89
1728.55
1722.67
1746.59
1744.8
1746.35
1715.67
1712.35
1683.52
1697.42
1692.41
1699.9
1677.57
1723.92
1721.52
1763.35
1780.9
1780.3
1788.63
1758.5
1769.7
1786.32
1794.9
1754.65
1763.67
1737.8
1719.55
1714.7
1743.42
1744.95
1724.64
1705.27
1653.48
1641.85
1620.66
1640.75
1657.97
1670.8
1680.95
1668.05
1676.3
1662.3
1676.65
1637.85
1651.36
1640.85
1623.82
1658.3
1623.79
1614.69
1609.16
1650.72
1626.88
1656.74
1740.39
1782.3
1803.69
1778.85
1811.38
1788.72
1819.8
1833.67
1815.25
1855.57
1870.2
1817.71
1875.25
1900.2
1882.96
1826.1
1825.55
1835.52
1788.4
1827.15
1774.45
1759.13
1828.63
1897.46
1852.07
1823.9
1791.25
1785.55
1766.02
1746.68
1763.92
1793.27
1740.95
1719.45
1663.95
1646.52
1661.72
1659.4
1619.38
1627.05
1615.95
1613.47
1619.32
1614.02
1601.33
1590.55
1600.4
1588.5
1604.79
1593.6
1587.23
1582.38
1567.76
1553.48
1544.15
1532.36
1528.98
1515.7
1496.2
1487.43
1500.18
1512.33
1501.25
1497.93
1502.55
1521.4
1548.95
1546.28
1540.6
1539.4
1529.58
1530.98
1523.98
1515.65
1531.27
1543.98
1537.6
1544.13
1544.58
1542.28
1533.65
1539.83
1535.73
1538.46
1536.4
1519.2
1525.35
1526.64
1517.1
1512.23
1493.28
1496.98
1486.7
1489.33
1495.15
1505.88
1501.41
1516.26
1513.73
1495.58
1474.3
1516.22
1535.9
1545.45
1563.7
1536.2
1527.05
1506.25
1507.23
1507.04
1504.88
1502.4
1496.4
1495.3
1486.88
1474.15
1457.36
1452.98
1463.15
1474.91
1458.2
1459.75
1455.85
1434.03
1428.73
1432.2
1422.98
1418.45
1420.3
1429.88
1430.43
1437.43
1427.85
1427.79
1418.56
1403.81
1399.03
1395.7
1426.43
1417.65
1411.85
1430.75
1428.88
1432.05
1430.95
1415.88
1434.4
1433.38
1411.33
1410.65
1402.66
1411.64
1399.14
1406.45
1389.99
1384.08
1374.39
1373.85
1361.78
1356.95
1363.8
1363.73
1363.98
1351.28
1348.93
1354.35
1335.25
1341.4
1332.68
1336.78
1313.53
1346
1332.43
1334.4
1342.68
1346.25
1369.86
1368.34
1361.61
1361.85
1373.6
1387.9
1381.58
1375.71
1369.54
1371.56
1378.25
1380.5
1414.8
1421.4
1404.65
1411.78
1405.95
1383.78
1384.65
1380
1385.3
1385.6
1385.3
1375.38
1370.18
1380.84
1396.2
1394.13
1386.13
1387.11
1382.03
1402.08
1423.75
1414.08
1385.15
1387.9
1386.23
1366.31
1363.8
1375.35
1373.31
1376.45
1366.8
1353.63
1353.43
1336.05
1339.63
1360.58
1368.75
1408.8
1403.98
1393.14
1409.43
1393.63
1392.53
1348.54
1357.5
1353.83
1359.4
1343.91
1325.3
1340.54
1339.91
1328.55
1325.72
1346.04
1332
1368.6
1368.4
1381.25
1372.28
1350.55
1354.15
1346.85
1333.55
1349.01
1340.54
1315.35
1319.03
1308.54
1309.8
1308.95
1294.5
1296.63
1292.4
1291.41
1287.38
1278.25
1274.18
1275.25
1268.15
1268.33
1245.55
1245.98
1243.6
1254.95
1255.7
1249.95
1246.55
1251.06
1244.3
1247.4
1237
1237.83
1237.6
1240.15
1230.5
1226.15
1227.89
1231.96
1229.3
1224.83
1225.35
1215.43
1213.95
1198.15
1204.3
1201.23
1205.4
1194.96
1194.83
1186.25
1182.75
1181
1168.1
1163.1
1161.6
1183.5
1189.14
1194.98
1185
1192.2
1182.93
1193
1208.3
1208.47
1212.3
1196.85
1211.71
1198.25
1202.78
1192.6
1208.93
1211.65
1198.69
1242.38
1240.58
1238.94
1255.68
1243.35
1237.33
1239.9
1233.65
1256.8
1245.16
1229.1
1234.25
1221.15
1226.58
1216.53
1233.4
1236.58
1240.35
1220.03
1206.55
1223.55
1225.78
1216.3
1214.73
1212.63
1211.7
1204.35
1191.73
1177.08
1182.45
1193.73
1225.18
1222.3
1232.98
1232.65
1239
1232.7
1203.14
1208.4
1208.7
1175.08
1171.01
1182.23
1179.03
1167.03
1165.78
1167.95
1153.53
1157.73
1141.58
1146.78
1140.76
1135.75
1137.41
1159.26
1155.4
1150.68
1156.3
1161.75
1150.61
1149.4
1134.28
1131.85
1123.8
1126.78
1113.25
1103.55
1109.78
1107.25
1090.5
1086.7
1105.18
1102.2
1107.05
1127.4
1120.43
1127.78
1108.45
1101.85
1109.55
1108.5
1121.85
1123.63
1134.9
1132.1
1139.95
1134.65
1118.85
1117.59
1106.2
1097.63
1103.33
1114.28
1119.2
1109
1106.85
1119.4
1100.9
1097.1
1095.47
1072.1
1078.1
1062.85
1066.25
1063.53
1109.8
1114.45
1105.55
1081.2
1086.95
1087.95
1097.65
1098.4
1093.23
1094.05
1111.3
1138.35
1134.1
1130.93
1142.75
1138.18
1128.48
1151.85
1138.23
1131.75
1138.25
1118.05
1121.28
1097.35
1096.98
1092.9
1096.83
1107.1
1105.45
1105.5
1087.65
1083.9
1093.45
1113.2
1098.9
1137.9
1125.1
1126.78
1115.38
1131.03
1128.6
1128.4
1158.1
1161.43
1207.45
1215.85
1196.51
1179.63
1177.63
1193.06
1191.66
1169.41
1166
1150.6
1144.6
1145.6
1141.38
1139.3
1118.65
1103.6
1117.3
1105.85
1104.1
1095.2
1090.35
1092.05
1084.23
1059.5
1045.45
1046.95
1028.1
1040
1038.65
1055.45
1060
1058.9
1055.03
1064.2
1053.55
1050.4
1062.25
1064.2
1057.03
1049.25
1055.11
1044.05
1042.1
1017.3
1002.75
999.15
1007.7
992.3
990.98
990.9
993.93
1008.28
1014.4
1003.7
1007.47
1013.63
1017.08
1007.55
1000.2
1005.3
996.6
992.3
995.5
995.25
994.4
991.85
978.55
956.47
951.19
955.1
948.08
945.55
944.75
941.55
953.78
940.65
941.97
938.65
934.68
948.67
954.87
947.1
946.1
946.42
954.95
963.15
963.58
966.83
956.8
954
934.4
930
937.58
953.82
951.35
949.2
951.25
948.53
948.75
937.5
937.4
939.1
925.68
920.3
913.05
912.28
909.5
924.68
925.1
932.5
929.8
940.8
926.5
937.95
939.6
939.25
931.43
925.9
922.73
934.03
933.2
938.6
934.8
928.3
939.3
954.93
954.5
954.55
951.85
955.33
980.28
963.05
981.85
975.05
979.18
959.43
949.8
952
958.8
957.35
953.78
938.65
924.98
918.25
931.78
926.5
926.33
923.3
913.6
916.65
910.82
911.35
897.15
902.15
886.55
888.2
898
893.38
906.48
912.83
904.28
889.75
883.8
884.5
868.85
875.65
891.03
890.45
893.85
881.65
879.35
880.5
881.05
868.9
893.15
904.05
927.4
919.35
917.3
923.15
934.45
934.2
925.75
939.5
952.23
959.85
942
915.2
923.07
929.73
927.15
909.25
898.15
922.35
939.37
932.4
906.5
916.07
926
942.32
945.82
953.48
962.45
991.65
992.9
974.7
984.55
970.25
941.75
941.7
946.75
938.85
915.4
894.5
911.5
914.55
905.85
900.35
905
927.85
908.65
887.47
899.15
903.37
899.78
856.98
854.2
857.33
835.9
843.15
817.8
811.7
822
821
854.2
857.4
842.98
863.9
859.48
875.4
881.45
882.05
873.73
880.28
869.3
842
848
840.2
848.05
838.25
853.05
867.9
858.1
838.45
822.4
821.35
810.6
776.93
772.7
756.45
767
773.95
782.37
768.95
818.05
816.2
812.9
821.03
821.62
800.45
746.6
734.62
738.2
738.05
742.1
736.5
712.25
731.65
746.2
736.65
732.8
740.45
763.27
723.55
723.85
738.75
754.95
746.95
730.8
734.7
721.37
730.5
771.65
796.93
783.35
804.6
847.28
836.85
833.07
850.1
913.25
907.62
887.1
859.75
835.58
836.45
870.87
870.95
908.75
878.75
877.83
883
892.15
897
873.55
852.8
863.85
779.73
786.65
765.5
746.85
752.45
777.25
802.3
803.5
796.45
801.3
805.35
817.68
831.15
834.03
826.9
824.93
821.95
823.03
836.88
813.55
814.2
800.07
787.7
806.05
826.8
812.93
823.82
856.6
873.07
879.8
874.4
894.8
910.95
914.1
906.1
918.9
930.6
929.85
928.05
920.85
946.35
965.55
955
957.45
959.95
977.5
972.6
964.2
947.15
928.6
919.6
925.82
933.3
934.17
945.15
939.65
925.4
927.8
917.3
886.4
889.6
883.8
902.3
898.5
894.35
882.75
882.4
871.55
868.2
880.35
867
892.93
902.25
877.2
879.45
880.55
891.4
886.5
877.9
900.9
906.45
929.1
925.1
921.85
932.55
919.25
905.2
902.4
881.65
864
866.95
882.7
884.85
881.85
868.75
876.4
874.2
856.45
852.7
877.55
870.5
893.25
886.3
886.25
904.25
915.9
914.2
916.9
938.8
944.4
927.9
924.5
925.3
928.8
934
914.9
920
913.8
902.9
904.5
882.7
916.9
931.4
947.3
954
939
915.3
919.5
910.4
944.1
981.4
1002.7
1002.9
994.8
982.9
973.3
972.9
973.2
979
989.8
964
983.7
973.9
970.9
957.9
948.1
939.6
945.2
946.1
944
927.8
905.2
902.5
908.2
906.6
906.4
923.45
922.95
910.7
900.3
888.2
903.6
905.3
926.1
929.4
923.44
928.38
913.9
912.9
891.07
892.3
865
883.1
877.8
877
887.9
904
895.4
893.3
878.8
878
858.1
859.6
864.9
857.5
833.7
833.7
840.5
825.6
824.5
807
811.8
811.8
796.4
802.3
802.75
793.3
794.87
797.3
813.6
797.1
808.2
794.8
802.2
795.4
801.7
794.3
783.55
793.4
804.5
812.6
824.6
823.8
804.6
800.22
802.8
782
786.3
788.3
812
802
793.5
832
833.6
831.1
825
806.5
807
787.3
796.8
782.1
791.8
785.2
769.3
763.7
759.7
754.2
765.2
768.2
754.8
760.5
759.4
749.85
747.85
741.1
737.9
733.3
742.7
738
727.9
731.6
747.2
743.6
734.5
728.8
731.7
730.5
731.5
733.8
721.3
723.5
717.9
707.6
708.3
711.6
712.6
703.1
700.8
695.4
681.8
681.8
672.3
673.3
665.3
667.5
662.5
667.6
668.2
660.1
660.8
657.3
656.8
657.8
652.3
667.7
669.1
669.5
672.8
662.1
674.8
672.4
672.1
673
665.6
666.9
664.3
665
661.2
662.9
674.9
681
681.6
683.4
677.5
673
664.9
664.9
666.9
666.8
660.6
663.3
660.4
655.9
649.5
654.2
653.2
657.25
649.65
648.95
643.65
640.9
651
654.3
652.04
654.55
661.45
656.35
655.35
651.95
651.75
647.25
653.65
648.85
659.15
670.75
670.05
671.15
671.75
660.5
653.45
656.85
655.55
656
654.65
661.85
659.25
663.25
661.75
657.65
662.15
672.05
669.75
670.85
665.65
680.55
685.65
688.75
688.85
682.35
673.15
673.45
678.45
681.55
674.75
686.25
683.65
689.15
691.95
682.95
690.05
686.55
690.21
685.52
676.1
677.3
677.9
670.75
675
674.45
674.35
663.95
664
663.8
661.5
665.56
664.41
664.1
657.4
664
664.2
658.8
654.2
653.4
646.6
644.7
643.8
650.5
650.28
651.8
649
646.5
636.6
642.45
664.45
669.35
663.35
686.55
682.55
677.45
678.85
657.25
670.75
669.05
669.75
669.13
664.25
661.1
666.85
660.45
651.45
653.3
648.45
647.85
657.2
653.2
647.3
643.7
646
646.1
648.8
646.7
633.4
635.4
627.7
631.8
624.8
626.7
627.2
611.6
611.3
613.7
610
607.4
622
627.5
640.5
636.8
636.7
634.9
627.2
624.7
620.75
621.01
618.5
620.45
622.95
616.25
615.35
625.85
628.75
630.05
630.45
625.15
633.84
630.95
643.15
646.2
645.6
648
636.65
640
640.6
638.2
631.25
630.3
627.5
622.9
621.7
618.25
623.1
620.88
625.7
628.56
633.41
615.8
624.8
623.2
627.4
624.7
617.6
606.6
604.1
599.95
597.15
591.05
586.45
581.95
591.5
599.4
590.2
590.1
596
590.4
579.3
573
573
577.1
574.1
574.3
567
574.5
596.7
598.3
601.3
603.1
592
590.8
589.6
584.2
576.8
573.65
587.2
579.34
575.25
590.2
587.45
589.75
610.8
616.8
633.7
638.3
626.5
625.45
627.3
619.28
614.95
614.78
622.53
621.4
622.35
625
628.1
614.9
614
629.05
624.8
626.7
632.55
636.25
650.03
642.55
648.65
646.5
644.93
651.25
646.85
636.75
634.75
634.35
624.75
619.13
615.25
619.75
628.15
642.75
633.05
643.03
664.15
660.05
651.53
641.45
624.15
629.25
633.03
628.15
620.25
623.5
615.85
599.65
580.15
579.05
585.25
583.05
580.65
587.55
575.85
565.25
581.15
577.05
559.75
562.05
604.25
607.45
613.25
626.45
630.65
637.15
638.2
629.6
645.2
652.9
647.77
653.7
650.9
640.7
666.5
656.05
657.6
682.3
687.1
690.4
677.4
714.8
714.3
707.9
700.9
678.7
683.8
679.7
667
668.8
655.1
654.43
633.63
638.63
630.3
620.7
633.98
612.5
640.2
621.08
613.48
603
596.48
598.38
593.42
599.75
588.85
595.3
588.5
586.7
587.85
583.65
588.65
573.6
563.6
567.3
560.13
549.8
550.8
552.1
554.9
554.1
555.4
552.95
551.05
545.9
541.05
546.05
543.55
552.7
555.35
565.4
569.85
562.95
561.55
553.95
559.05
548.85
555.2
554.35
555.85
552.1
548.15
539.95
547.55
540.35
551
564.4
551.45
548.45
569.9
568.9
572.2
569.35
568.9
568.35
559.5
560.65
563.4
558.6
559.4
554.5
557.8
542.95
554.8
562.2
557.35
546.4
547.5
542.5
548.95
539.95
524.8
534.4
534.15
516.88
517
516.9
516.6
507.9
505.13
502.8
504.33
495.33
492.25
503.8
503.25
502.98
506.5
518.7
528
526.4
521.13
515.2
511.4
509.4
503.38
503.9
493.08
499.8
498.7
496.08
493.5
492.5
494.58
491.76
485.8
486
479.3
468.53
467.5
468.7
466.85
467.1
460.8
459.6
456.9
461.1
463.2
459.15
465.19
473.5
473.65
470.95
472.6
465.25
466.9
461.2
464.55
472.2
474
469.7
471.6
470.9
475.5
475.25
474.85
473.45
464.75
466.25
465.95
469.3
472.15
469
462.5
466.65
463.25
466.05
472.35
463.85
464.75
459.75
455.75
450.3
446.5
449.75
449.2
447.4
444.7
444
445.35
444.4
443.25
435.2
431.6
436.9
437.7
438.7
437.68
439.2
438.2
436.3
439.7
440.1
446.15
442.4
446.2
445.9
437.6
434.8
435
437.3
437.6
436.8
432.3
432.2
429.8
428
425.5
423.5
425.85
425
425.6
423.15
420.1
421.05
421.55
419.6
424.1
426.95
425.9
423.1
424.2
423.76
423.6
427.9
427.4
435.5
437.25
435.55
439.8
439.95
441.3
438.15
438.6
437.9
437.65
435.65
428.9
426.85
428.9
427.05
423.7
423.15
424.75
425.95
422.45
421.8
415.4
417.25
418.55
420.45
417.8
419.55
418.35
417.55
417.65
420.6
421.75
418.75
419.75
420.4
422.4
427.4
426.6
426.1
426.2
430.4
429.8
427.9
429.8
434.4
431.4
432.47
437.1
434.7
434.6
432.57
434.6
434
427.35
424.9
424
428.9
428.2
428
427.1
425.9
426.7
425.35
424.25
426.25
428.35
426.35
426.1
426.2
424.88
425.05
425.35
427.12
431.2
439.35
438.8
443.16
440.7
440.98
444.95
442.13
440.6
440.55
434.55
434.3
429.65
432.95
432.6
435.65
435.25
433.75
434.55
435.85
427.45
427.42
427.18
425.2
425.75
425.75
420.9
417.8
413.35
412.7
413.4
414.7
417.2
421.97
421.13
422.6
427
426.2
426.8
422.2
427.35
427.25
422.35
423.15
423.05
422.13
423.15
425.2
426.15
421.65
419.63
419.05
421.4
426.55
427.55
429.55
438.45
438
436.46
443.75
444.35
442.65
442.25
439.7
441.6
442.99
441.5
437.2
440.6
435.6
438.85
434.2
437.3
440.6
450.9
452.25
455.9
449.25
454.75
450.95
453.95
451.95
451.69
449.55
447.05
448.94
447.05
442.95
444.65
439.45
436.75
437.85
434.88
434.55
435.15
431.95
433.55
429.55
426.85
421.55
427.55
428.55
424.35
424.25
426.85
428.45
424.23
423.75
424.13
419.85
416.25
418.8
417.75
416.25
415.25
422.05
422.78
417.65
417.88
418.75
414.05
419.47
418.25
412.95
412.25
408.63
407.83
410.13
407.35
409.25
405.05
405.65
404.53
405.15
405.43
403.95
402.75
398.95
399.65
397.75
402.55
401.05
406.35
408.85
409.85
408.05
403.25
406.55
406.55
403.15
409.95
412.75
406.65
404.55
405.05
402.25
398.95
393.75
395.45
398.65
400.25
399.75
392.85
391.65
394.05
392.15
391.05
387.55
387.85
387.25
388.95
390.15
395.05
396.75
400.15
405.65
406.65
404.05
405.45
401.65
407.95
407.65
407.95
402.45
392.75
398.25
397.95
395.95
394.25
392.55
400.88
401.55
402.15
395.75
394.95
393.85
394.85
388.88
384.65
389.05
383.55
384.55
386.05
384.65
391.35
393.75
389.95
388.35
391.55
394.65
395.55
393.35
394.75
388.75
388.65
385.55
384.35
379.65
382.45
377.15
379.15
376.65
374.85
378.13
377.85
378.75
378.75
387.75
393.25
392.65
387.15
386.75
387.85
385.65
398.75
396.35
395.05
392.95
390.05
394.85
401.05
400.55
399.35
400.55
406.65
418.65
420.05
420.05
423.05
419.45
415.65
420.65
425.9
426.45
420.85
417.85
422.35
416.25
415.55
419.75
417.25
412.35
411.35
407.35
402.25
399.48
395.25
402.93
400.15
402.75
401.45
401.25
393.05
393.35
393.05
399.55
396.15
395.05
396.05
403.85
398.65
397.55
409.98
410.95
415.55
411.65
410.15
411.85
411.15
406.35
406.75
403.35
396.95
400.75
399.65
398.35
402.45
399.35
410.35
410.35
404.05
408.08
409.35
410.55
412.85
407.25
406.75
408.88
419.95
424.15
424.45
426.38
423.88
420.55
422.35
423.65
415.85
415.85
415.45
416.25
414.58
412.25
412.95
412.05
410.75
410.05
409.35
410.75
412.55
407.25
409.75
408.85
404.95
405.45
408.25
406.75
406.35
402.75
404.75
403.25
402.25
398.15
395.25
396.65
391.25
391.48
396.05
394.45
395.05
398.75
391.05
397.55
394.65
394.05
387.95
385.95
383.05
379.95
381.35
379.55
376.65
384.25
383.55
386.5
382.85
387.95
388.55
384.25
385.85
380.75
373.35
371.65
371.65
372.95
375.25
374.75
373.05
370.05
375.25
376.45
372.95
369.55
382.85
384.75
385.35
382.25
380.85
385.35
388.85
384.75
387.1
381.85
376.35
376.75
373.25
374.05
375.25
380.15
380.45
382.65
375.25
377.35
373.35
373.85
371.95
375.55
375.55
369.65
372.55
364.45
361.25
362.95
360.75
366.25
362.05
358.35
363.75
365.95
362.7
358.45
361.85
356.75
352.85
351.75
352.05
349.45
346.15
354.35
356.35
361.85
365.15
362.75
361.65
359.65
350.75
351.75
347.25
344.75
343.55
342.15
347.3
345.2
345.45
344.55
344.45
348.25
350.85
351.15
351.5
350.75
346.4
345.25
344.15
347.4
346.8
353
357.38
361.35
357.35
363.35
359.15
356.65
353.45
355.65
352.15
361.85
363.75
368.75
361.28
365.25
365.85
364.45
369.25
365.05
366.25
370.35
368.75
367.05
371.55
367.95
366.25
354.75
351.95
352.45
349.85
351.25
348.55
348.65
342.05
344.25
342.25
340.95
341.75
338.55
334.25
333.85
333.25
334.45
331.25
332.95
333.55
325.95
327.15
326.45
324.95
324.85
328.05
326.55
326.85
322.75
323.05
325.55
325.25
329.95
334.95
337.45
331.85
329.25
330.25
328.55
329.65
326.05
332.25
336.45
337.85
336.55
336.35
334.35
345.75
350.65
354.45
350.75
356.25
353.55
354.25
349.05
349.95
345.45
354.35
351.85
357.75
351.35
352.25
349.45
343.55
345.55
351.55
356.55
352.75
363.88
362.15
369.75
370.05
371.75
381.25
371.05
368.15
370.35
365.95
369.25
369.65
368.25
363.05
361.85
357.75
355.75
356.55
357.45
350.75
351.35
354.55
354.75
352.75
353.63
347.25
351.25
351.25
346.05
348.05
348.05
343.65
349.25
349.65
343.85
346.55
345.65
340.75
345.55
343.25
336.75
336.65
333.15
331.25
324.85
323.75
326
326.25
324.65
322.15
320.75
317.85
318.15
317.85
316.75
318.35
318.15
321.05
317.65
317.85
318.95
319.25
320.55
318.25
319.15
324.45
321.75
321.55
321.05
318.15
317.75
318.55
319.75
317.75
316.05
316.85
315.65
313.85
311.65
311.95
313.05
311.15
312.85
311.45
314.55
313.55
317.95
316.75
316.85
320.05
318.25
322.45
322.25
321.65
323.05
320.35
323.55
319.95
320.05
322.25
326.15
323.25
322.15
323.35
320.35
318.35
317.45
316.85
319.05
317.65
317.75
321.25
320.25
319.25
314.65
314.15
312.25
312.75
313.45
310.05
312.75
309.45
307.05
307.05
308.05
309.45
306.75
313.95
314.65
311.65
315.65
314.25
314.55
310.65
314.05
306.35
308.15
307.35
304.65
303.55
304.75
302.55
303.75
310.05
311.25
313.25
323.15
323.95
317.95
317.65
318.25
318.15
316.05
316.5
316.35
316.85
312.85
311.55
310.75
311.15
312.95
315.15
314.45
318.25
319.25
321.35
322.45
324.65
323.95
320.85
320.05
316.85
319.35
318.15
319.25
321.05
319.05
323.95
325.65
321.45
327.85
327.65
326.55
325.05
325.05
324.25
320.25
320.55
322.05
317.95
316.15
315.95
311.05
309.85
309.05
307.65
310.85
311.05
309.55
308.15
311.45
312.3
311.95
307.85
308.75
308.45
311.1
311.35
307.65
304.05
303.65
302.9
302.35
303.65
302.05
299
299.85
302.15
302.6
301.25
298.55
300.5
300.05
301
302.55
305.85
303.35
302.65
302.65
302.38
296.75
298.25
297.75
293.15
292.45
293.2
292.57
290.05
291.25
293.35
293.85
290.7
289.75
289.55
293.5
293.95
296.85
298.15
296.55
296.8
297.75
292.55
292.75
292.75
291.45
293.1
297.75
297.85
300
299.25
300.25
299.75
303.75
301.15
297
297.55
289.9
286.25
282.55
281.9
281.85
278.65
279.45
278.98
279.25
282
282.55
283.55
284.05
287.15
284.65
284.95
287.55
286.35
283.95
279.05
278.75
278.95
278.45
278.75
278.95
278.95
276.55
277.05
279.38
278.75
278.05
278.15
276.25
276.15
280.45
278.15
278.45
274.45
274.55
272.8
273.15
274.55
274.55
274.45
275.7
277.25
274.4
274.05
274.35
273.45
273.15
272.9
272.85
273.15
273.48
272.95
274.85
275.35
278.3
277.55
278.25
277.45
276.75
280.75
280.25
278.95
279.95
279.65
279.65
280.5
279.28
277.35
277.25
275.45
275.95
275.55
279.65
279.45
282.45
281.35
281.45
284.45
281.25
284.85
288
291.9
291
289.85
289.45
289.45
291.7
293.25
291.95
293.25
289.75
289.25
291.45
288.65
290.5
287.75
289.45
285.55
281.25
278.25
286.25
271.75
273.15
273.15
272.05
271.65
273.5
274.4
275.25
273.75
272.25
272.75
272.85
275.55
274.55
275.05
276.05
279.25
275.35
275.85
276.75
275.95
274.55
274.15
268.35
267.65
267.75
268.55
268.05
267.55
266.65
265.25
267.55
266.45
267.75
269.75
268.85
270.05
269.55
270.75
268.35
267.15
267.35
266.85
268.45
266.35
266.65
266.25
265.35
267.95
267.75
269.55
270.85
269.25
272.35
276.15
273.95
272.6
272.95
272.75
273.65
272.55
271.55
275.65
272.35
271.85
268.15
273.75
266.35
266.25
266.25
265.75
267.05
265.85
266.05
273.95
277.65
277.65
279.25
283.75
285.35
285.35
287.55
273.75
272.25
268.35
268.35
268.05
269.25
270.05
264.95
266.25
266.15
266.15
265.5
264.55
264.05
263.65
264.15
262.25
264.15
263.75
264.65
265.6
261.25
261
263.35
259.25
260.15
258.75
257.65
258.45
260.05
258.55
258.45
257.05
255.55
257.95
258.95
260.05
261.55
262.65
262.3
262.05
262.95
261.55
260.75
259.05
260.65
263.45
267.85
272.55
271.75
267.1
262.45
260.75
263.05
262.85
265.65
267.15
268.25
266.85
261.55
259.05
258.65
256.65
259.65
258.95
255.85
259.85
260.95
261.35
260.65
260.65
263.35
263.75
265.65
267.55
268.75
265.85
265.9
263.05
263.05
264.95
264.7
266.55
266.95
264.75
264.55
263.55
263.55
263.65
264.3
264.25
264.95
267.75
268.35
268.15
267.55
268.15
269.25
272.5
272.25
272.25
275.25
274.45
273.8
273.95
274.15
272.85
270.25
270.15
270.95
269.55
269.05
270.95
270.85
272.8
273.85
274.75
270.55
271.2
269.4
270.45
266.55
269.6
270
266.35
265.85
266.55
265.85
266.35
265.75
266.5
265
264.65
264.35
264.75
265.95
265.05
264.45
265.05
265.15
264.75
264.8
265.15
264.5
264.55
265.15
266.75
270.65
270.25
271.55
270.8
270.65
271.25
272
272.65
276.55
271.15
272.75
270.6
269.65
269.65
270.75
272.25
273.45
274.25
275.25
278.58
274.35
274.3
272.15
270.65
269.35
272.15
271.8
272.45
272.55
272.75
273
273.43
273.05
273.8
274.45
275.55
277
276.75
277.85
274.2
273.45
274.15
274.25
272.95
271.25
273.75
275.25
276.65
277.65
277.2
274.65
274.8
275.15
272.75
272.25
273.25
273.75
273.5
273.95
277.55
277.35
277.25
278.38
278.5
279.75
279.05
279.25
280.35
280.25
279.15
282.65
283.6
281.3
280.25
280.6
282.55
283.95
283.65
283.65
284.25
288.05
288.35
289.53
289.25
292.65
286.05
284
283.15
285.65
286.15
286.15
286.25
289.25
289.85
291.75
285.75
286.8
283.85
284.45
286.7
289
285.45
281.15
272.8
272.1
273.2
272.15
272.25
270.3
273.55
274.25
275.65
274.25
273.35
273.35
275.65
275.45
276.15
275.95
277.75
277.25
276.73
278.95
279.95
278.25
274.95
273.35
273.55
277.05
275.88
278.4
279.8
280
280
280.7
281.3
281.38
282.6
281.6
282.05
281.8
282
280
280.5
281.5
284.45
278.2
279.08
276.75
276.4
279.4
280.3
285
286.28
287.88
289.63
286.88
284.6
286.5
288.85
288.88
290.7
289
291.2
288.13
293.25
287.63
288.8
288.5
289.75
292.2
291.75
292.6
298.5
300
304.4
305.5
305
300.5
302.5
301.75
308.15
310.95
315
306.75
301.75
302.75
310.3
287.45
284.75
282.63
283.5
283.25
286.85
286
287.05
287.6
289.1
288.5
289.63
288.65
285.5
284.2
284.25
282.35
283.25
281.48
281.75
281.1
280
282.25
289
288
288.05
290.45
289.55
287.75
287.63
286.95
287.05
287.48
284.15
283.6
281.95
282.78
279.95
280.28
278.95
277.88
281.95
285.75
276.1
279.8
285
289.5
290.7
291
297.12
298.25
298.25
297.9
294.5
295
294.25
294.35
294.13
291.5
291.3
294
298.25
292.8
289.75
290.5
293
292.4
291.5
290.25
299.2
299
293.85
288.75
298
302.4
304.95
305.55
308.5
311.5
315.15
313.5
322
318.5
318
320.15
322.8
324.5
325.5
317.35
309
298.75
301.75
309
282.78
268.75
266.25
264.55
260.8
255
255.25
256.35
256.55
257.25
256.45
256.55
257.25
256.15
255.85
254.7
254.25
255.45
253.85
255.68
253.95
253.75
252.75
252.55
253.25
254.25
257.4
258.5
259.65
261.5
260.05
260.65
260.75
258.95
257.55
257.25
256.15
255.75
256.15
256.25
255.15
255.95
256.75
254.15
254.25
254
254.65
255.45
255.3
253.35
253.25
253.85
254.1
254.05
255.85
255.65
256.95
256.5
257.15
256.85
262.25
263.5
263.4
262.5
260.75
260.75
260.25
260.75
260.65
258.55
258.85
259.55
258.45
258.5
259.15
260.65
260.65
258.45
259.35
262.15
265.55
264.8
266.05
265.4
267.65
270.35
270.45
270.5
269.25
270.55
272.65
272.95
274.45
272.95
273.95
274.5
275.95
277.75
277.35
278.25
278.75
282.75
289.55
287.25
285.5
286.35
286.55
286.05
282.95
282
281.25
283.55
283.55
283.85
284.45
284.85
284.25
284
281.45
283.35
282.85
281.55
280.65
280.55
279.95
278.45
279.85
280.45
280.05
279.25
280.35
279.75
283.3
283.8
284.55
284.65
284.25
282.95
283.95
283.45
286.9
292.35
294.45
292.75
291.85
291.6
288.45
288.15
286.55
286.75
286.4
287.05
287.85
287.8
287.45
287.05
288.25
286.2
285.05
285.05
289.5
289.55
287.7
287.25
287.4
289.15
288.55
289.45
287.55
288.45
288.85
286.15
284.25
283
286.15
287.85
286.45
287.65
287.35
286.85
286.95
287.05
286.55
286.75
288.55
292.9
291.35
291.35
288.3
286.95
287.7
287.75
288.25
287.05
286.2
286.65
286.25
286.95
288.25
288.95
289.05
291.75
295.75
292.85
291.35
290.85
294.35
293.65
293.7
294.89
292.45
292.2
293.2
293.75
293.2
296.2
296.55
296.6
296.2
296.5
296.05
295.75
297.13
294.1
294.65
295.85
296.95
293.35
293.25
292.75
293.2
293.65
290.75
289.45
290
292.55
293.65
293.1
293.65
292.2
292.85
292.55
295.25
296.25
296.15
299.95
298.7
296.05
296.55
296.25
296.75
299.55
301.55
296.25
296.65
300.55
299.85
296.95
294.65
295.85
294.15
294.15
289.75
287.85
288.95
291.45
291.45
287.85
289.95
290.35
293.75
290.45
284.25
286.05
288.45
286.85
284.95
280.15
278.85
275.55
274.35
276.55
282.25
283.05
284.65
284.8
285.15
283.35
284.95
285.05
284.05
285.35
282.75
283.95
287.45
286.65
287.35
287.95
288.35
282.95
286.45
289.5
290.05
291.75
290.35
291.45
293.15
294.15
294.95
296.05
294.5
293.25
293.75
293.15
291.65
290.85
292.1
293.25
294.95
293.25
294.75
293.85
296.45
296.95
293.65
293.85
293.9
292.85
295.05
295.75
298.75
293.25
293.45
288.65
284.85
286
287.05
293.25
293.65
296.95
291.65
293.7
293.15
291.15
288.45
292.95
293.15
293.85
295.55
299.75
299.85
301.45
299.5
298.45
299.55
301.25
299.05
298.45
298
300.35
299.85
298.7
300.75
303.35
304.35
302.25
306.65
310.25
307.95
309.65
312.65
314.05
313.35
310.75
307.95
307.75
308.15
307.25
308.25
311.15
307.75
308.45
309.45
309.5
309.05
308.25
302.25
299.35
300.95
301.4
302.25
301.25
299.35
299.25
297.75
291.75
291.25
291.4
292
294.35
295.35
294.55
294.45
296
294.45
294.45
293.4
296
297.85
299.5
299.15
294.55
291.85
291.5
293.75
297.25
298.85
297.85
297.45
298.35
299.85
298.6
300.5
300.45
299.6
298.15
298.65
299.1
295.35
303
302.45
302.38
305.38
300.65
297.5
299.63
290.75
292.85
291.45
287.45
290.15
286.95
281.45
283.15
278.15
278.65
281.05
283.25
280.85
281.85
288.25
288.75
289.05
290.35
290.75
294.65
296.25
296.45
294.05
291.65
289.05
287
288.15
284.95
283.75
282.85
283.95
287
282.75
287.55
288.25
285.95
292.15
293.55
293.45
297
296.25
296.55
299.15
302.85
304.95
303.05
303.95
306.25
303.85
303.35
308
307.25
309.3
310
310.25
