54.38
54.15
53.9
52.64
52.18
52.47
51.9
51.84
51.51
52.26
52.11
52.14
51.73
50.93
51.6
51.23
49.93
49.65
51.15
50.32
50.74
50.9
51.95
51.87
52.43
52.19
52.52
51.03
50.93
51.04
50.24
50.66
50.81
50.66
50.1
49.17
49.07
48.56
49.91
50
49.53
48.54
48.56
46.94
47.45
47.27
48.34
47.92
48.8
48.18
47.79
48.93
47.53
47.25
47.96
48.03
49.23
49
50.01
49.68
49.92
50.02
49.48
49.99
49.57
50.46
50
49.44
49.11
48.37
46.95
46.45
47.6
47.99
47.25
46.91
47.35
46.81
46.24
45.92
45.32
45.07
46.4
46.1
48.01
47.05
46.02
45.81
45.31
44.4
44.08
43.74
43.51
44.58
45.46
45.94
45.67
45.82
47.45
47.15
46.97
46.85
46.87
48.88
48.22
48.51
49.22
49.12
50.48
50.59
49.76
52.09
52.3
52.05
51.56
50.63
50.53
50.11
50.07
49.26
49.43
48.98
47.73
48.31
47.98
47.23
49.32
49.1
50.18
50.59
50.32
50.98
50.95
50.81
51.18
52.11
52.16
54.1
54.35
54.75
54.65
54.75
54.41
53.58
53.18
52.76
52.72
51.94
52.08
51.76
51.01
50.11
49.66
49.7
49.5
49.82
49.97
50.39
50.52
50.43
50.67
49.98
50.47
50.45
51.29
52.19
54.78
54.88
54.8
54.14
55.15
55.28
55.06
54.89
55.22
54.55
55.01
54.84
54.84
55.06
55.35
55.17
56.02
55.21
54.72
54.66
55.55
56.27
55.9
56.15
55.33
55.21
55.49
56.22
55.42
55.88
55.73
56.1
55.08
54.95
56.27
56.36
57.05
56.29
55.1
56.09
57.66
57.43
57.06
56.06
57.06
57.11
57.12
56.93
56.27
56.14
55.67
56.37
55.75
55.71
55.02
55.03
56.18
55.84
55.13
54.71
54.21
54.95
55.65
55.03
54.17
53.31
49.86
51.6
50.7
52.35
52.45
52.3
50.6
50.32
50.13
50.35
48.36
48.91
50.19
50.61
50.13
49.87
49.11
49.6
50.11
51.04
51.16
52.81
53.61
53.32
54.19
54.7
54.64
54.13
54.99
54.2
53.84
53.96
54.11
53.87
54.29
54.92
54
54.36
53.99
53.25
53.17
52.55
52.11
51.64
49.68
50.8
49.55
51.1
50.16
49.48
49.47
49.29
50.04
49.51
50.59
51.49
51.1
52.84
51.01
50.19
49.68
48.45
49.79
51.49
52.12
52.77
52.52
52.02
52.95
52.19
53.56
53.48
52.5
51.91
51.23
50.3
49.62
48.21
48.73
48.97
48.14
48.12
47.41
46.5
46.89
48.04
47.65
48.47
49.62
49.78
50.4
50.87
51.75
51.22
51.07
51.63
51.88
51.27
53.14
51.61
51.65
51.22
53.2
52.27
54.09
53.1
54.51
52.53
50.78
51.62
53.79
52.8
53.1
52.87
51.61
49.91
51.4
51.9
52.37
52.5
53.62
53.94
53.2
52.53
51.65
52.19
51.94
51.94
52.05
51.89
51.85
51.21
50.86
50.9
51.13
51.18
51.12
50.59
49.81
50.42
50.29
48.99
47.67
48.88
48.28
47.99
48.07
48.72
49.66
49.94
49.6
48.58
47.73
48.13
47.45
48.08
46.68
45.82
46.1
47.09
47.59
47.7
46.48
45.73
43.67
44.27
42.83
43.21
44.31
45.84
45.68
45.17
45.6
45.92
46.15
47.08
46.8
46.57
46.56
45.96
44.86
45.36
46.45
46.03
46.62
45.54
46.74
45.11
43.86
43.82
43.96
43.83
42.71
43.36
43.24
42.58
43.61
42.46
43.47
44.1
42.48
43.85
41.19
41.44
40.89
43.57
44.14
44.17
44.18
42.87
43.79
45.21
43.91
43.06
42.22
41.32
41.97
39.2
38.49
39.1
39.96
42.08
41.33
42.2
43.49
45.02
45.04
45.86
47.18
47.68
47.76
47.09
47.87
47.11
47.82
46.88
46.17
46.73
47.4
47.79
48.01
48.81
48.38
49.14
50.01
49.7
49.81
50.03
50.9
51.44
50.78
51.6
51.64
51.95
52.86
52.87
51.64
51.37
51.15
51.28
51.09
52.02
51.79
52.03
52.63
53.78
53.56
53.62
54.06
54.27
55.64
54.57
54.82
54.47
54.64
52.89
53.69
53.75
54.3
53.85
54.35
53.99
55.13
54.56
54.71
54.59
54.58
56.04
55.68
55.43
55.81
54.29
53.26
53.09
53.81
53.61
53.49
54.86
54.62
54.09
55.34
55.28
53.81
55.16
55.51
54.19
53.63
54.88
55.69
54.52
55.68
55.16
56.08
56.01
55.02
59.05
56.54
55.17
51.52
51.26
50.32
52.09
53.67
54.79
56.42
56.62
57.13
56.91
56.92
56.38
57.14
55.84
56.58
56.19
56.47
56.3
57.83
58.39
58.25
58.1
57.9
57.99
58.56
59.25
60.21
59.61
59.73
59.92
60.45
61.76
61.63
61.57
60.99
60.19
60.2
60.06
63.56
63.54
64.3
63.65
64.38
64.3
64.7
65.2
65.28
64.69
65.41
65.08
65.07
64.81
64.58
65.53
65.98
65.33
64.38
65.08
63.8
64.53
65.1
64.4
64.95
63.77
63.62
64.24
64.92
65.54
65.3
64.91
66.07
66.47
66.56
66.41
66.83
66.31
66.27
65.82
66.65
66.44
66
65.74
65.76
65.62
65.54
65.64
65.71
66.36
65.71
65.28
65.41
64.52
65.25
64.99
63.38
63.11
63.33
62.67
61.78
63.25
63.52
62.49
63.33
62.19
62.52
61.85
63.28
62.74
62.4
63
62.65
61.9
63.17
61.41
62.17
62.26
63.27
63.67
63.44
64.26
64.69
65.17
65.6
66.59
65.83
66.51
65.97
66.71
65.83
65.49
65.45
64.79
65.68
66.35
66.62
67.01
65.85
65.94
66.68
65.98
66.41
65.9
68.04
66.59
66.18
63.65
62.96
63.61
62.64
62.71
62.43
62.94
62.28
63.73
62.77
64.76
63.76
63.28
64.09
63.41
63.35
63.78
65.88
67.29
67.75
67.8
67.68
68.37
68.75
68.69
67.27
67.56
64.75
65.43
65.02
66.01
67.28
69.09
69.17
71
70.6
72.75
73.74
74.79
74.89
76.1
74.17
78.42
78.23
78.96
79.35
78.4
78
78.53
78.87
78.76
77.74
79.68
80
79.62
80.13
80.26
80.18
80.43
81.11
80.71
80.38
80.68
80.32
80.03
80.34
80.03
79.28
79.62
80.4
81.1
81.08
81.79
83.25
84.55
83.99
83.87
83.95
83.95
84.11
83.34
83.99
84.81
84.78
86.08
86.54
86.94
87.04
87.32
87.53
87.81
87.74
87.95
88.18
87.77
87.67
87.67
87.67
87.71
87.55
87.3
87.29
87.49
87.14
87.87
87.86
88.44
88.8
88.68
88.55
88
88.21
88.62
88.84
89.02
88.65
89.51
89.08
89.02
88.91
89.37
88.85
88.6
88.52
88.25
87.94
88.38
88.32
88.53
89.38
89.13
89.34
88.65
88.89
87.35
87.68
88.46
88.96
89.56
88.9
89.32
89.61
89.74
90.08
89.75
89.54
89.52
88.7
88.56
88.41
88.63
88.02
88.02
87.75
87.83
87.44
87.11
86.64
86.04
85.92
85.93
85.7
85.57
85.32
85.32
84.79
84.92
84.78
84.63
84.44
84.6
84.24
84.24
84
83.72
83.59
83.3
83.33
83.1
82.94
82.9
82.63
82.43
82.62
82.68
82.13
82.23
82.28
82.38
82.46
82.7
82.76
82.82
83.07
83.31
83.26
82.97
82.63
82.56
82.29
82.28
82.14
82.25
82.18
82.25
82.33
82.25
82.3
81.93
81.11
80.93
80.6
81.12
81.21
81.15
81.33
81.38
81.23
81.02
81.23
81.35
81.83
81.79
81.37
81.48
81.09
81.48
81.41
80.91
80.47
80.68
80.71
80.43
80.13
80
80.31
80.09
79.92
79.58
79.86
80.46
80.42
80.26
80.06
79.5
79.77
79.36
79.21
78.1
77.41
77.04
77.55
77.58
77.89
77.6
77.75
77.27
77.54
77.48
77.55
77.49
78.35
77.97
77.21
77.29
77.25
77.02
77.61
78.62
78.51
78.86
79.84
79.96
79.99
79.82
79.6
79.67
79.59
79.85
80.21
80.87
80.74
80.42
81.41
81.67
81.41
81.57
81.46
81.28
81.83
82
82.18
82.03
81.7
81.79
81.63
81.29
81.25
81.69
81.51
81.81
82.1
82.05
82.08
81.91
81.99
81.85
82.2
81.85
82.07
82.08
82.13
82.34
82.34
81.61
81.49
81.38
81.15
81.19
82.03
82.73
82.37
81.66
82.07
82.57
82.51
82.64
82.43
82.32
82.35
83.02
82.7
82.28
82.83
82.76
82.61
82.24
82.83
82.43
82.69
82.56
82.49
82.41
82.18
82.13
82.27
82.24
82.07
81.84
81.8
81.66
82.14
82.48
82.47
82.33
82.34
81.59
82.15
82.88
82.61
82.66
82.83
82.98
83.18
82.74
82.87
83.14
83.52
83.3
83.24
83.28
83.2
83.16
82.86
83.08
82.65
82.51
82.9
82.96
83.04
83.23
82.37
81.7
81.77
81.57
81.42
81.36
81.62
81.72
82.11
82.55
82.79
82.2
81.27
81.04
80.64
81.04
80.69
80.27
80.59
81.22
81.33
81.27
80.53
79.66
80.51
82.6
82.98
83.24
83.15
83.41
83.53
83.23
83.67
83.3
83.55
83.15
83.13
83.59
82.67
82.87
82.68
83.54
83.61
83.79
84.27
84.5
84.43
84.37
84.43
84.14
83.73
84.03
84.2
84.13
84.53
84.44
84.46
84.32
84.4
82.84
84.18
84.25
84.26
84.95
83.84
83.27
82.94
81.87
81.35
81.73
83.44
83.65
85.26
85.68
85.4
85.31
85.24
85.25
84.77
84.32
84.61
84.88
84.99
84.8
84.48
83.96
83.95
84.11
84.34
84.68
85.48
84.93
84.47
84.22
84.44
83.71
83.91
83.77
83.9
84.58
84.04
84.17
83.72
84.05
84.35
84.28
84.18
83.86
84.76
85.04
85.62
86.23
86.12
85.93
86.67
86.34
86
85.83
85.44
84.47
84.67
85.39
85.39
85.41
85.66
85.23
85.65
85.68
85.27
85.25
85.36
85.48
85.06
85.3
84.8
85.11
85.35
85.25
85.34
84.86
85
85.89
86.44
85.78
85.81
85.74
85.15
85.08
85.36
85.66
84.88
84.75
85.37
84.62
85.67
85.51
85.19
85.59
85.59
86.17
85.83
86.03
86.08
86.03
86.03
85.98
86.22
87.05
85.78
85.19
85.8
85.63
86.53
87.45
87.65
87.31
86.96
86.07
84.94
87.25
85.74
85.03
85.59
84.65
84.61
85.13
85.93
85.22
84.55
84.2
84.98
85.32
85.86
86.72
86.04
86.77
86.26
86.01
86.17
86.87
86.49
87.04
87.25
85.61
87.46
87.4
86.67
85.89
85.74
86.32
86.75
86.9
86.85
85.83
86.7
86.21
86.44
86.11
85.76
87
86.93
87.05
85.81
86.85
86.6
86.75
86.16
86.4
86.1
85.4
84.94
85.88
86.67
86.3
85.86
84.86
85.05
84.35
84.53
84.06
84.12
84.89
84.78
87.2
88.53
88.43
87.66
88.96
89.11
89.22
88.49
87.04
86.16
84.91
83.81
85.09
85.35
84.54
84.96
84.88
84.36
83.69
83.62
82.76
84.17
83.78
84.31
85.13
84.09
86
83.62
83.55
83.83
83.88
83.42
84.65
85.19
83.55
82.44
82.61
84.18
85.46
85.75
85.23
85.56
85.15
85.39
83.65
84.13
85.24
85
84.93
86.53
86.2
86.47
86.01
86.77
86.89
86.05
87.1
87.33
86.57
87.1
87.19
87.51
87.67
87.33
87.47
87.51
88.66
88.19
87.91
87.83
87.59
87.88
88.01
89.01
89.09
88.15
88.04
89.36
89.91
89.76
91.28
91.41
92.65
92.47
93.72
93.89
93.41
94
93.02
91.59
91.05
92.14
92.06
92.6
91.73
91.72
93.04
93.12
93.24
94
93.02
93.39
92.88
92.09
92.04
90.44
89.12
89.54
89.64
89.46
90
91.52
90.09
89.9
89.07
88.92
89.42
90.96
89.95
89.75
90.06
90.32
90.88
90.38
91.9
90.96
90.3
90.94
89.99
88.46
88.73
88.04
88.49
88.74
89.89
90.13
90.59
89.93
89.16
90.59
90.15
90.64
89.86
90.49
92.46
93.02
94.41
94.08
93.02
92.99
91.27
90.42
91.22
90.4
90.81
90.12
90.3
90.68
89.38
87.7
88.72
88.31
88.89
91.27
91.05
91.35
92.47
93.12
92.36
92.4
92.6
91.74
90.46
89.54
90.13
90.13
91.5
92.43
91.18
91.69
90.51
92.85
93.04
92.64
91.91
92.39
91.05
93.21
92.9
91.75
91.61
90.43
89.99
90.42
90.96
91.59
88.36
88.83
89.61
90.71
90.55
90.7
93.11
91.66
91.73
90.79
91.37
91.54
90.34
89.41
91.53
89.3
86.55
87.47
88.24
90.76
90.27
92.22
88.88
88.43
88.03
92.57
93.08
92.53
94.35
94.61
94.02
94.12
93.9
93.95
93.72
93.7
92.34
92.86
94.06
94.37
95.49
95.08
95.25
95.2
94.46
92.89
92.01
91.13
89.68
93.74
93.01
94.1
92.63
93.34
91.6
90.68
92.15
95.49
93.17
96.59
98.77
100.37
100.3
101.22
101.56
102.68
102.94
103.19
103.33
102.48
101.95
101.41
102.5
101.42
101.82
100.96
100.62
101.1
101.87
100.76
100.94
100.68
100.72
100.06
100.59
100.13
100.75
99.14
99.9
98.19
98
97.22
97.05
96.75
100.98
100.48
101.02
101.75
103.52
102.63
100.88
101.65
101.35
100.46
102.21
101.38
101.02
101.31
99.87
98.34
98.95
96.7
96.96
95.13
94.96
96.16
95.89
95.08
98.4
97.68
93.61
96.01
103.45
104.26
106.14
106.34
105.38
105.88
105.62
104.59
104.25
103.04
101.63
100.86
102.56
101.02
101.79
101.09
102.54
104.18
101.57
101.62
102.64
102.88
102.07
102.26
101.24
101.47
100.79
102.23
102.19
101.87
102.09
100.81
99.78
100.72
98.4
98.19
101.96
102.16
103.06
104.7
103.74
103.8
103.63
104.21
103.67
102.91
102.08
102.03
100.7
100.84
101.67
102.44
101.84
101.98
101.6
103.02
101.23
101.64
102.47
101.78
100.35
100.69
101.61
100.41
99.64
99.19
98.09
97.12
97.39
95.82
96.61
97.15
96.18
96.29
96.44
96.24
95.73
95.96
95.83
94.4
92.79
94.34
94.57
92.84
93.63
93.99
92.71
93.3
93.04
92.55
92.9
92.25
91.94
91.94
91.03
91.09
91.27
90.52
89.78
89.55
90.03
90.14
89.17
87.22
88.52
90.57
90.8
89.14
91.26
89.82
90.06
87.83
88.18
88.32
89.26
88.13
89.61
91.39
91.76
93.59
93.4
93.4
93.47
92.54
92.69
92.33
92.43
91.86
90.78
91.55
91.81
91.75
91.89
91.4
90
91.52
91.58
94.32
92.34
93.35
93.68
93.33
93.4
93.49
92.64
93.94
94.87
93.78
94.32
93.65
93.08
92.32
92.23
92.56
92.34
92.07
92.08
93.38
93
93.06
94.14
94.01
93.33
92.16
92.03
92.83
92.84
92.06
91.97
91.91
90.43
91.73
92.1
90.36
88.63
87.75
87.95
87.64
88.39
89.87
89.73
88.2
88.19
88.51
91.01
93.22
93.89
93.09
93.39
93.95
94.12
93.2
91.7
91.52
90.14
89.67
90.7
90.85
91.02
88.52
87.87
88.67
88.87
89.39
89.93
90.4
88.6
89.84
90.31
89.28
87.47
86.62
87.26
88.34
89.75
91.68
91.94
90.92
91.73
92.78
92.97
92.98
93.28
93.5
92.9
92.93
93.1
93.15
92.67
92.38
92.19
90.8
93.32
92.38
91.01
91.73
92.15
89.48
88.21
89.74
89.86
89.04
90.95
92.1
91.12
93.2
95.4
96.26
95.73
96.15
94.53
94.5
96.75
98.22
99.26
97.37
96.55
96.37
96.34
97.12
96.82
96.71
96.93
95.16
94.91
95.52
96.41
95.45
94.37
94.87
94.27
94.03
94.22
94.29
93.97
91.78
90.41
89.5
89.23
88.61
89.33
89.47
90.06
90.41
90.13
91.45
92.23
92.17
92.03
93.36
94.57
94.71
94.94
95.6
94.98
93.95
93.86
92.89
92.01
92.13
91.36
92.62
92.05
93.34
92.7
94.24
94.12
94.27
92.64
93.33
92.7
92.55
90.88
90.61
92.57
95.47
95.11
94.63
93.31
94.15
94.35
95.21
96.21
95.29
97.25
98.81
99.8
99.31
100.55
100.67
101.22
102.39
102.51
101.67
102.16
100.75
100.42
99.12
99.67
99.37
99.09
99.23
98.45
97.91
97.43
98.1
97.31
97.81
96.65
96.75
97.17
97.65
98.21
100.42
101.69
102.38
103.14
101.01
101.56
101.16
99.33
100.04
97.8
99.04
99.32
99.25
100.34
99.66
99
96.9
97.39
98.67
97.84
98.34
96.87
98.46
99.43
98.49
98.01
96.39
98.14
95.86
97.56
97.34
98.41
98.61
98.87
97.04
97.48
97.04
96.23
95.25
95.4
94.62
93.49
92.83
90.44
91.05
90.65
90.31
90.81
91.07
88.97
88.85
88.26
88.23
89.96
91.44
90.4
92.55
92.63
91.92
90.59
89.66
89.14
90.64
90.37
90.71
89.17
89.53
90.11
90.31
91.8
94
94.4
93.35
93.62
95.02
94.83
94.17
95.12
94.79
94.06
93.99
94.99
94.37
94.03
95.04
94.45
95.45
95.36
94.61
94.21
94.2
94.25
91.83
93.86
94.39
95.02
94.36
92.97
91.75
91.74
90.74
90.07
88.96
87.02
86.92
86.83
87.18
85.87
87.36
87.82
89.3
90.64
90.59
91.8
90.55
91.13
90.62
90.88
89.79
91.49
92.32
92.64
92.34
92.45
92.59
92.89
91.93
91.43
90.54
89.92
89.37
87.52
87.67
86.11
84.39
83.13
81.62
81.36
81.55
80.8
81.01
80.77
80.35
78.58
80.78
80.67
81.3
81.33
80.78
80.16
80.41
79.25
80.67
78.98
77.18
77.33
75.93
76.79
77.95
77.33
78.54
79.33
79.28
81.38
81.87
81.54
82.08
82.15
83.49
82.86
83.3
84.21
84.35
83.61
79.94
81.01
80.68
82.92
83.94
82.99
84.27
85.1
82.9
81.73
76.96
75.41
73.55
74.28
75.77
73.13
73.8
73.31
74.11
73.79
73.72
73.22
73.19
76.54
78.01
76.66
76.62
75.62
74.28
73.7
70.27
73.22
76.28
77.22
76.89
75.58
76.43
76.34
75.64
73.94
72.6
72.39
73.59
74.35
74.07
72.98
72.84
74.06
72.35
72.42
75.43
78.1
78.78
78.96
78.51
78.33
79.33
78.34
77.98
79.16
79.2
78.93
78.45
75.25
75.72
74.66
71.54
73.36
73.85
76.45
75.53
76.39
77.35
78.81
80.14
80.04
77.26
79.69
84.33
82.83
84.79
85.65
85
85.86
89.19
89.22
87.77
90.04
86.88
