0.8587
0.8582
0.8614
0.8584
0.8465
0.8503
0.8511
0.8487
0.8437
0.8484
0.8499
0.8477
0.8459
0.8453
0.8432
0.8469
0.8518
0.8525
0.8539
0.8504
0.8515
0.8523
0.8464
0.8484
0.8514
0.848
0.8439
0.8368
0.8374
0.8408
0.8337
0.8365
0.837
0.839
0.8413
0.8357
0.8366
0.8308
0.8317
0.8391
0.8394
0.8406
0.8432
0.8397
0.8415
0.8352
0.8348
0.8386
0.8475
0.847
0.8502
0.8464
0.8503
0.853
0.8498
0.8522
0.8488
0.8459
0.8495
0.8504
0.8509
0.8478
0.8494
0.8425
0.8435
0.8473
0.8445
0.8511
0.8564
0.8522
0.8585
0.8589
0.8572
0.8598
0.8684
0.8655
0.8712
0.8719
0.8774
0.8763
0.8721
0.8772
0.8772
0.8754
0.8809
0.8815
0.88
0.8752
0.8741
0.879
0.8819
0.8943
0.8933
0.8968
0.8954
0.8981
0.897
0.8931
0.8973
0.8914
0.892
0.8926
0.8933
0.8918
0.8884
0.8867
0.8886
0.8863
0.8919
0.8894
0.894
0.8958
0.8944
0.892
0.8914
0.8942
0.8899
0.8923
0.9007
0.8961
0.9023
0.9111
0.9147
0.9207
0.9202
0.9196
0.9154
0.9092
0.9104
0.9187
0.9147
0.9175
0.9178
0.9197
0.9171
0.9152
0.9201
0.9325
0.9331
0.9336
0.9319
0.9396
0.9422
0.9423
0.9376
0.943
0.9437
0.9443
0.9394
0.9378
0.9369
0.9372
0.9385
0.9368
0.9289
0.9247
0.9206
0.9261
0.9274
0.9262
0.925
0.9312
0.9312
0.9289
0.9317
0.943
0.9387
0.9369
0.9454
0.9487
0.9464
0.9451
0.9413
0.9518
0.9482
0.9455
0.9446
0.9468
0.945
0.9471
0.9491
0.9421
0.9422
0.9369
0.9434
0.9454
0.9437
0.9398
0.9385
0.9347
0.936
0.9302
0.9272
0.9295
0.9286
0.9261
0.9349
0.9347
0.9361
0.9304
0.9319
0.929
0.9345
0.9377
0.9408
0.9334
0.9434
0.9395
0.9423
0.945
0.9475
0.9459
0.9493
0.9428
0.9534
0.9611
0.9565
0.9506
0.9532
0.9604
0.9563
0.9565
0.9564
0.9581
0.9593
0.9627
0.9613
0.9568
0.9603
0.9491
0.9411
0.9402
0.9469
0.9421
0.93
0.933
0.929
0.9375
0.9379
0.9444
0.939
0.9424
0.944
0.9475
0.9477
0.941
0.9409
0.9444
0.9412
0.9354
0.9326
0.9314
0.9211
0.918
0.9167
0.907
0.9058
0.8976
0.9005
0.9011
0.9045
0.9107
0.9102
0.9177
0.9167
0.9184
0.919
0.9187
0.915
0.9113
0.9107
0.9091
0.9113
0.9044
0.9085
0.9047
0.8977
0.8929
0.8968
0.8924
0.8925
0.892
0.8901
0.891
0.8915
0.8915
0.8886
0.8908
0.8922
0.8937
0.8968
0.8949
0.8963
0.8894
0.8889
0.8912
0.89
0.8903
0.888
0.8897
0.8885
0.8971
0.8964
0.8931
0.8962
0.8974
0.8938
0.8931
0.886
0.8878
0.8845
0.8833
0.883
0.8808
0.8856
0.8866
0.8942
0.8959
0.8979
0.8948
0.8995
0.9019
0.902
0.8985
0.8968
0.891
0.8958
0.8949
0.9028
0.9043
0.9103
0.9095
0.911
0.9069
0.9079
0.9074
0.9029
0.9062
0.8993
0.9017
0.9041
0.9043
0.905
0.904
0.9009
0.9029
0.8965
0.8979
0.9004
0.8989
0.9037
0.907
0.9005
0.8785
0.8852
0.8895
0.8841
0.8868
0.8908
0.8881
0.8923
0.8855
0.8888
0.8837
0.8776
0.8804
0.8807
0.8798
0.8967
0.8939
0.8983
0.8978
0.8997
0.8934
0.8965
0.8976
0.8913
0.891
0.8926
0.8915
0.8839
0.8834
0.8844
0.879
0.8752
0.8793
0.8786
0.8769
0.8768
0.8705
0.8698
0.867
0.8733
0.8809
0.8832
0.8852
0.8873
0.8909
0.886
0.8852
0.8804
0.8839
0.8862
0.8875
0.887
0.8783
0.8764
0.8774
0.8789
0.8773
0.8784
0.878
0.8779
0.8787
0.882
0.8856
0.8933
0.8955
0.8949
0.8944
0.8915
0.8896
0.8873
0.8835
0.8909
0.9002
0.9007
0.897
0.8945
0.9091
0.9082
0.908
0.9086
0.9127
0.9201
0.9201
0.9197
0.9148
0.9076
0.908
0.9075
0.9067
0.8985
0.9003
0.8987
0.8973
0.8964
0.8884
0.8832
0.8855
0.8854
0.8934
0.8962
0.8922
0.9006
0.9158
0.9184
0.9233
0.9141
0.918
0.92
0.9217
0.9261
0.9196
0.9182
0.9168
0.9181
0.9163
0.9203
0.9194
0.921
0.9209
0.9153
0.9148
0.9276
0.9304
0.9232
0.9211
0.921
0.9148
0.9158
0.9117
0.9125
0.9121
0.9164
0.9126
0.9162
0.9202
0.9237
0.9164
0.9148
0.9095
0.9097
0.914
0.907
0.9181
0.9227
0.919
0.9142
0.9421
0.9405
0.9466
0.9439
0.9425
0.9412
0.9396
0.9402
0.9393
0.9316
0.9381
0.9396
0.9358
0.9282
0.9248
0.9308
0.9324
0.9302
0.9311
0.9188
0.9203
0.912
0.9078
0.9086
0.911
0.9154
0.9054
0.9043
0.9076
0.9002
0.8819
0.8814
0.8827
0.8813
0.8784
0.8716
0.8788
0.8804
0.8804
0.8869
0.8899
0.8872
0.8938
0.8919
0.8933
0.8947
0.889
0.8894
0.893
0.8903
0.894
0.8993
0.8937
0.8849
0.8745
0.8856
0.8874
0.8837
0.882
0.8865
0.8923
0.8927
0.8952
0.8969
0.899
0.8907
0.8838
0.892
0.8941
0.8893
0.8838
0.8683
0.8606
0.8782
0.8896
0.8992
0.907
0.9027
0.9002
0.8968
0.8961
0.9056
0.9075
0.9118
0.9153
0.9169
0.919
0.9132
0.9104
0.9147
0.9104
0.9041
0.9018
0.9106
0.9106
0.915
0.9143
0.9238
0.9234
0.9196
0.9134
0.9084
0.909
0.8962
0.9061
0.9028
0.9081
0.9045
0.9005
0.9022
0.9047
0.8979
0.89
0.8951
0.8924
0.8924
0.8955
0.8818
0.8809
0.8802
0.882
0.889
0.8862
0.8873
0.8883
0.883
0.8864
0.8856
0.8998
0.8898
0.8869
0.8968
0.9152
0.9098
0.9134
0.9171
0.9198
0.911
0.908
0.8999
0.9014
0.8969
0.8838
0.8735
0.8764
0.8807
0.8918
0.8964
0.8921
0.8876
0.8813
0.894
0.8971
0.893
0.8911
0.8986
0.9106
0.9184
0.9195
0.9239
0.9324
0.9315
0.9313
0.9254
0.9293
0.9359
0.9385
0.9463
0.9432
0.9381
0.9276
0.9246
0.9156
0.9114
0.9191
0.9291
0.9318
0.9229
0.9183
0.9188
0.9116
0.9154
0.9136
0.9242
0.9382
0.92
0.9436
0.9462
0.9527
0.9403
0.9481
0.9348
0.9215
0.9223
0.9068
0.9026
0.8948
0.8942
0.8931
0.893
0.8802
0.8818
0.8823
0.8787
0.8797
0.8774
0.8763
0.8807
0.8778
0.8769
0.8823
0.8833
0.8832
0.8838
0.8713
0.882
0.871
0.8819
0.8861
0.8834
0.886
0.8787
0.8896
0.8923
0.88
0.8613
0.8659
0.8616
0.8649
0.8597
0.8482
0.8494
0.8451
0.8444
0.8478
0.8446
0.841
0.838
0.8332
0.8262
0.8266
0.8227
0.8227
0.821
0.8181
0.8199
0.8216
0.8175
0.8178
0.8139
0.8102
0.7994
0.804
0.8025
0.8057
0.8034
0.8081
0.8119
0.8141
0.8077
0.8123
0.8076
0.8019
0.8033
0.8021
0.7996
0.8017
0.8038
0.8071
0.7975
0.7966
0.7977
0.8032
0.7984
0.8016
0.804
0.8017
0.8051
0.8029
0.8081
0.8009
0.797
0.8012
0.7983
0.7929
0.7917
0.7854
0.7875
0.7893
0.7906
0.7908
0.7864
0.7813
0.7839
0.7807
0.7789
0.79
0.7841
0.7919
0.788
0.7853
0.7891
0.7904
0.7991
0.7894
0.7922
0.7917
0.7882
0.7884
0.7844
0.7825
0.7785
0.7783
0.7794
0.7739
0.7773
0.7717
0.7728
0.7715
0.7737
0.7742
0.7729
0.7755
0.7721
0.7726
0.7605
0.7614
0.7617
0.7615
0.7586
0.758
0.7595
0.758
0.7552
0.753
0.7542
0.7508
0.7483
0.7463
0.7482
0.7483
0.748
0.7471
0.7456
0.7483
0.7473
0.7476
0.7451
0.7448
0.7466
0.7467
0.7458
0.7441
0.7446
0.7426
0.7427
0.7428
0.7394
0.7395
0.7393
0.7394
0.7367
0.7343
0.7349
0.7348
0.7332
0.7347
0.7351
0.7356
0.7347
0.7321
0.7311
0.7305
0.7326
0.7347
0.7338
0.7349
0.7351
0.7354
0.7349
0.7355
0.7382
0.7367
0.7385
0.7378
0.7391
0.7382
0.7356
0.7328
0.7321
0.7354
0.7338
0.7355
0.7335
0.7353
0.7358
0.7336
0.7327
0.7338
0.7323
0.7307
0.7298
0.7294
0.7303
0.7292
0.7292
0.7297
0.7269
0.7267
0.7226
0.7189
0.718
0.7208
0.7208
0.721
0.7211
0.724
0.7219
0.7228
0.723
0.7236
0.7244
0.7249
0.7239
0.7239
0.7238
0.7239
0.7235
0.7202
0.7201
0.7219
0.7248
0.7277
0.7298
0.7289
0.7264
0.725
0.7263
0.7272
0.7278
0.7255
0.7233
0.7226
0.725
0.7258
0.7229
0.7177
0.7183
0.7189
0.721
0.7192
0.7215
0.7206
0.7206
0.7215
0.7281
0.7277
0.7281
0.7246
0.7294
0.7306
0.7275
0.728
0.7278
0.7289
0.7281
0.7268
0.7295
0.7303
0.731
0.7357
0.7332
0.7328
0.7335
0.7358
0.7389
0.7397
0.7393
0.7415
0.7378
0.7319
0.7316
0.7313
0.7312
0.7301
0.7383
0.7374
0.7379
0.7385
0.7342
0.735
0.731
0.7314
0.7315
0.7349
0.7366
0.7345
0.7338
0.7361
0.7314
0.7268
0.7277
0.7245
0.7276
0.7304
0.731
0.731
0.7302
0.7314
0.732
0.7308
0.7263
0.7267
0.7277
0.7272
0.7254
0.7267
0.7278
0.7295
0.7317
0.7356
0.7359
0.7385
0.7358
0.735
0.7364
0.7367
0.7398
0.7377
0.7418
0.7441
0.7386
0.7404
0.741
0.743
0.7415
0.7442
0.7459
0.7481
0.7452
0.74
0.7421
0.74
0.7414
0.7362
0.728
0.7275
0.7254
0.7245
0.7246
0.7259
0.7256
0.731
0.7309
0.7313
0.7389
0.7394
0.7375
0.7384
0.7396
0.7395
0.7367
0.7363
0.7378
0.7343
0.7365
0.7393
0.7393
0.7396
0.7414
0.7393
0.7422
0.7411
0.7395
0.7391
0.7395
0.7485
0.75
0.7521
0.752
0.7512
0.7537
0.7544
0.7589
0.7622
0.7572
0.7593
0.758
0.7564
0.7552
0.7497
0.7467
0.748
0.7473
0.7487
0.7487
0.7454
0.7499
0.7503
0.7494
0.7544
0.754
0.7519
0.7495
0.7473
0.7498
0.7516
0.7542
0.7529
0.7571
0.7517
0.754
0.7541
0.753
0.7532
0.7575
0.7563
0.7584
0.7609
0.7628
0.7619
0.7598
0.7655
0.7653
0.7636
0.7708
0.7824
0.777
0.7794
0.7743
0.7686
0.7705
0.7655
0.7687
0.767
0.7685
0.7644
0.7622
0.7621
0.7564
0.7521
0.7466
0.7481
0.7493
0.7476
0.7498
0.751
0.7543
0.7566
0.7549
0.7637
0.7646
0.7648
0.7694
0.7663
0.7728
0.7778
0.7734
0.7732
0.7731
0.7777
0.7748
0.7763
0.779
0.7763
0.776
0.774
0.7707
0.7698
0.7667
0.7603
0.7646
0.7648
0.7624
0.7654
0.7587
0.7594
0.7634
0.7675
0.7686
0.7684
0.7692
0.7653
0.7661
0.7662
0.7674
0.7589
0.7672
0.7625
0.7632
0.7651
0.7644
0.7687
0.7695
0.7731
0.7782
0.7801
0.7783
0.7802
0.7802
0.7825
0.7775
0.778
0.7698
0.7752
0.7732
0.7762
0.7718
0.7647
0.769
0.7715
0.7673
0.7665
0.769
0.763
0.7713
0.7662
0.7677
0.7679
0.7657
0.7613
0.7656
0.7656
0.7581
0.7582
0.7528
0.7469
0.749
0.7483
0.7484
0.7434
0.7433
0.746
0.7482
0.7463
0.7394
0.7362
0.7401
0.7332
0.7365
0.7371
0.7412
0.7432
0.7428
0.7475
0.7509
0.7508
0.7511
0.7509
0.7475
0.7525
0.7516
0.7474
0.7495
0.7535
0.7655
0.7645
0.7624
0.7652
0.7664
0.7584
0.7575
0.758
0.7566
0.7554
0.7562
0.7585
0.7583
0.7582
0.755
0.756
0.7559
0.7597
0.7598
0.7647
0.7649
0.7689
0.7727
0.7735
0.7712
0.7653
0.7636
0.7661
0.7699
0.7705
0.772
0.7727
0.7708
0.7708
0.7761
0.7794
0.7802
0.7805
0.7847
0.7823
0.7852
0.7871
0.7867
0.787
0.7844
0.783
0.7804
0.7815
0.7789
0.7726
0.7719
0.7716
0.775
0.7726
0.7731
0.7708
0.7701
0.7657
0.768
0.7653
0.7623
0.766
0.7723
0.772
0.7735
0.7767
0.7762
0.7711
0.7673
0.7681
0.7749
0.774
0.7759
0.7777
0.7745
0.777
0.7752
0.7734
0.7704
0.7711
0.7663
0.7664
0.7624
0.7616
0.7699
0.7752
0.7779
0.7837
0.7802
0.7917
0.7937
0.7958
0.7941
0.7952
0.7996
0.7981
0.7958
0.8001
0.7992
0.7959
0.7982
0.8018
0.81
0.8108
0.8092
0.8138
0.8116
0.8109
0.8136
0.8126
0.8087
0.8065
0.8064
0.8072
0.821
0.8178
0.8128
0.8156
0.8117
0.8142
0.8226
0.829
0.8254
0.8224
0.8144
0.8141
0.8133
0.8149
0.8163
0.8194
0.8171
0.8163
0.8122
0.8139
0.807
0.7984
0.7931
0.7952
0.7899
0.8036
0.802
0.8002
0.7998
0.7955
0.7974
0.7872
0.7882
0.7952
0.7914
0.7916
0.7963
0.7998
0.8012
0.799
0.7961
0.7948
0.8031
0.8
0.8043
0.8087
0.8086
0.7998
0.7973
0.7989
0.7979
0.7948
0.7884
0.7801
0.7822
0.7875
0.7864
0.7856
0.7798
0.7741
0.7731
0.7735
0.7688
0.7662
0.7643
0.7603
0.7599
0.7554
0.7554
0.7544
0.7562
0.7566
0.7577
0.7601
0.7562
0.7612
0.762
0.7618
0.761
0.7646
0.7584
0.7629
0.7644
0.763
0.7637
0.7654
0.7609
0.7557
0.7508
0.7495
0.7517
0.751
0.7509
0.7485
0.7537
0.7575
0.7566
0.7562
0.7554
0.759
0.7645
0.7673
0.7644
0.76
0.7621
0.7533
0.7604
0.7626
0.7566
0.7575
0.7512
0.7505
0.7427
0.7464
0.7435
0.7479
0.7546
0.7555
0.7552
0.7609
0.7615
0.7653
0.7615
0.7584
0.7577
0.7527
0.7541
0.7541
0.7615
0.76
0.7608
0.7598
0.7643
0.7608
0.7563
0.7629
0.763
0.7671
0.7682
0.7732
0.7711
0.7774
0.7852
0.7895
0.7888
0.7803
0.787
0.7826
0.7834
0.7862
0.7819
0.7725
0.7662
0.7732
0.7714
0.7715
0.7728
0.7651
0.7657
0.7664
0.7664
0.7664
0.7644
0.7693
0.7666
0.7682
0.7703
0.7671
0.7583
0.747
0.7496
0.7456
0.7462
0.7462
0.7466
0.7428
0.7438
0.751
0.7508
0.7552
0.7493
0.7495
0.7404
0.7413
0.7396
0.743
0.7426
0.7387
0.7335
0.7275
0.7348
0.7385
0.7229
0.7259
0.7249
0.7234
0.7274
0.7299
0.7216
0.7064
0.7048
0.7191
0.719
0.7179
0.7196
0.7257
0.7267
0.7272
0.7279
0.7204
0.7259
0.7251
0.7332
0.733
0.7475
0.7442
0.7492
0.7488
0.759
0.7468
0.7355
0.7383
0.7358
0.7389
0.7407
0.7427
0.7368
0.7299
0.7306
0.7246
0.7207
0.7271
0.7311
0.731
0.7323
0.7205
0.7093
0.7144
0.7094
0.7039
0.7012
0.6957
0.6924
0.6891
0.6897
0.6954
0.6938
0.6925
0.6964
0.6948
0.6977
0.6931
0.6941
0.6923
0.7018
0.7023
0.7053
0.6956
0.7053
0.7003
0.7095
0.6982
0.7043
0.7018
0.6945
0.6978
0.696
0.6892
0.6956
0.6965
0.6933
0.7034
0.7067
0.7085
0.7066
0.707
0.7063
0.7156
0.7127
0.7011
0.6964
0.6983
0.693
0.6877
0.6883
0.6896
0.6928
0.6959
0.7
0.7047
0.7014
0.6966
0.6939
0.6991
0.699
0.7036
0.7052
0.6924
0.6938
0.697
0.6891
0.6857
0.6807
0.6861
0.6833
0.6901
0.6978
0.6946
0.7002
0.6985
0.707
0.7099
0.7092
0.7118
0.7063
0.6987
0.7019
0.7024
0.7064
0.7084
0.702
0.7046
0.6939
0.6963
0.6982
0.6877
0.6744
0.6744
0.6743
0.6753
0.6747
0.6763
0.6829
0.6858
0.6865
0.6872
0.6886
0.6976
0.7026
0.693
0.6902
0.6924
0.6908
0.6927
0.6904
0.6989
0.6978
0.7031
0.7032
0.7025
0.7064
0.7078
0.7086
0.7099
0.7098
0.7054
0.7099
0.7045
0.703
0.7051
0.7132
0.7196
0.7144
0.7146
0.7193
0.7247
0.719
0.7192
0.716
0.7149
0.7159
0.7211
0.7258
0.7243
0.7272
0.7246
0.7274
0.7324
0.7311
0.7303
0.7349
0.737
0.7415
0.7413
0.738
0.7353
0.7282
0.734
0.7362
0.7362
0.7335
0.7241
0.7231
0.7302
0.7347
0.7281
0.7293
0.7309
0.7332
0.7341
0.7422
0.7422
0.747
0.7522
0.747
0.7483
0.7614
0.7708
0.7721
0.7748
0.7691
0.7605
0.7515
0.7484
0.7471
0.7526
0.7561
0.7625
0.7597
0.7621
0.7625
0.7634
0.7633
0.7617
0.7582
0.7551
0.7569
0.7475
0.7468
0.7562
0.7554
0.754
0.7541
0.7515
0.7455
0.757
0.7611
0.7702
0.7618
0.7552
0.7485
0.7499
0.7481
0.7338
0.7314
0.733
0.7391
0.7413
0.736
0.7304
0.7317
0.7255
0.7261
0.7184
0.7127
0.7039
0.7073
0.7126
0.7198
0.717
0.7178
0.7263
0.7215
0.7161
0.7167
0.7184
0.7161
0.7285
0.7177
0.7155
0.71
0.7163
0.7182
0.7207
0.7175
0.7181
0.7179
0.7226
0.7307
0.7251
0.7334
0.7339
0.7361
0.7432
0.7412
0.7511
0.746
0.7539
0.7656
0.7663
0.7647
0.7686
0.7693
0.7762
0.7887
0.7877
0.7861
0.7885
0.7767
0.7754
0.7797
0.7807
0.7887
0.7897
0.7838
0.7864
0.79
0.7919
0.7901
0.7867
0.7798
0.778
0.7761
0.7796
0.784
0.7795
0.7774
0.7589
0.7563
0.753
0.7582
0.7598
0.7558
0.7588
0.7662
0.7647
0.7695
0.7695
0.7696
0.7746
0.7756
0.7841
0.7764
0.7727
0.7734
0.7722
0.7848
0.7859
0.7939
0.791
0.7876
0.7913
0.792
0.7976
0.796
0.7983
0.8172
0.8205
0.8145
0.8082
0.8108
0.8123
0.8149
0.8122
0.8073
0.8072
0.8123
0.8108
0.8183
0.8256
0.8248
0.8348
0.8352
0.8387
0.8356
0.8222
0.8164
0.8177
0.8126
0.8148
0.809
0.8213
0.81
0.8083
0.7956
0.8007
0.8055
0.8195
0.8068
0.8092
0.7978
0.7928
0.7897
0.7821
0.7842
0.7923
0.7804
0.77
0.7579
0.7521
0.7557
0.7564
0.759
0.7472
0.7473
0.7522
0.7469
0.7444
0.7413
0.7406
0.7368
0.7324
0.7346
0.7358
0.7408
0.7485
0.7494
0.7463
0.7416
0.7405
0.7359
0.7402
0.7455
0.7417
0.7457
0.7535
0.7511
0.7408
0.7375
0.7391
0.7349
0.7279
0.7264
0.7312
0.7264
0.7309
0.7322
0.7352
0.7335
0.734
0.7363
0.7301
0.7344
0.7374
0.7337
0.7381
0.7387
0.7404
0.7355
0.7346
0.7392
0.7349
0.7263
0.7354
0.7336
0.7303
0.728
0.7248
0.7327
0.7312
0.7287
0.7198
0.7161
0.7178
0.7214
0.7157
0.713
0.7106
0.7067
0.7073
0.71
0.7089
0.6999
0.6952
0.6951
0.6897
0.6892
0.6903
0.689
0.694
0.6989
0.694
0.6961
0.6938
0.6961
0.6978
0.6974
0.6967
0.6955
0.6939
0.6954
0.6975
0.7018
0.7005
0.6973
0.6975
0.6882
0.6879
0.6823
0.6839
0.6788
0.6791
0.6801
0.6745
0.673
0.6643
0.6647
0.6631
0.6665
0.6672
0.6658
0.6608
0.6681
0.6684
0.6729
0.67
0.6683
0.6722
0.668
0.671
0.6734
0.6673
0.6669
0.6667
0.6735
0.6724
0.6729
0.6792
0.6768
0.6793
0.6747
0.68
0.6755
0.6722
0.6663
0.6652
0.6659
0.6691
0.6682
0.6709
0.669
0.67
0.6732
0.6769
0.6789
0.6759
0.6806
0.6792
0.6827
0.686
0.6875
0.6831
0.6855
0.684
0.6808
0.6818
0.6787
0.6761
0.6811
0.6798
0.6784
0.6798
0.6822
0.6841
0.6863
0.6858
0.6869
0.6906
0.6978
0.6994
0.7017
0.7011
0.703
0.6977
0.6992
0.6973
0.7016
0.6995
0.6991
0.6981
0.7016
0.7031
0.7075
0.7101
0.7041
0.6997
0.7047
0.7067
0.7073
0.7051
0.6971
0.6943
0.6941
0.6939
0.7014
0.7105
0.7118
0.7059
0.7027
0.704
0.707
0.7033
0.703
0.7027
0.7091
0.7068
0.7089
0.7159
0.7154
0.7175
0.7133
0.7203
0.7182
0.7151
0.7154
0.7141
0.7071
0.7126
0.7102
0.7115
0.7149
0.7179
0.7104
0.7211
0.7175
0.7194
0.7172
0.7227
0.7245
0.7135
0.7088
0.7151
0.711
0.7194
0.7159
0.7052
0.7063
0.6992
0.7063
0.7064
0.7173
0.7233
0.7151
0.7136
0.7144
0.7199
0.7257
0.7336
0.7374
0.7412
0.7332
0.7353
0.7327
0.7363
0.7332
0.7469
0.75
0.7502
0.746
0.7537
0.7559
0.7535
0.7605
0.7672
0.7552
0.7609
0.769
0.7725
0.7739
0.7667
0.7584
0.756
0.7542
0.7481
0.7583
0.7594
0.753
0.7535
0.7454
0.7416
0.7429
0.7548
0.7547
0.7576
0.7524
0.7393
0.7363
0.7425
0.7335
0.7364
0.7318
0.742
0.7683
0.7711
0.7735
0.7745
0.7791
0.7885
0.7929
0.7904
0.7975
0.7898
0.7961
0.795
0.7893
0.7847
0.786
0.7784
0.7878
0.7796
0.789
0.7981
0.7948
0.7812
0.7775
0.7775
0.7748
0.7744
0.7691
0.7729
0.7818
0.7783
0.7669
0.7786
0.7806
0.7719
0.7595
0.7599
0.7582
0.7709
0.7692
0.7679
0.7748
0.7652
0.7536
0.7623
0.7581
0.7586
0.7484
0.7424
0.7298
0.7328
0.7387
0.7333
0.7187
0.7121
0.7156
0.7114
0.718
0.7129
0.713
0.7136
0.718
0.7171
0.7188
0.7021
0.6935
0.714
0.7306
0.748
0.7489
0.7679
0.7736
0.7717
0.7864
0.7825
0.7863
0.7865
0.793
0.7879
0.7749
0.7764
0.7654
0.7719
0.7944
0.803
0.8007
0.7925
0.7905
0.7933
0.7831
0.7997
0.7986
0.7844
0.7863
0.7865
0.772
0.7704
0.7909
0.7855
0.7742
0.7715
0.7885
0.8004
0.7922
0.7731
0.7778
0.7656
0.7494
0.7459
0.7432
0.7409
0.7343
0.7364
0.7457
0.7351
0.7324
0.7359
0.7408
0.726
0.7236
0.7138
0.7096
0.6926
0.6843
0.6845
0.6839
0.6826
0.6769
0.6914
0.697
0.698
0.7076
0.702
0.703
0.7144
0.7144
0.7075
0.7078
0.7009
0.6981
0.6897
0.6887
0.6841
0.6815
0.68
0.679
0.6824
0.6778
0.676
0.6712
0.6781
0.6768
0.6805
0.6808
0.6745
0.6703
0.67
0.6707
0.6663
0.6525
0.649
0.6471
0.642
0.6424
0.6409
0.642
0.6415
0.6353
0.6366
0.6379
0.637
0.6336
0.6281
0.631
0.6304
0.6318
0.6285
0.6286
0.6274
0.6334
0.6352
0.6381
0.6358
0.6368
0.6368
0.6296
0.6332
0.6347
0.6332
0.6346
0.6383
0.6423
0.6444
0.6408
0.645
0.6437
0.6447
0.6461
0.6502
0.6477
0.643
0.6465
0.6391
0.6338
0.6413
0.6476
0.6475
0.6436
0.6429
0.6444
0.6395
0.6373
0.6341
0.6344
0.6356
0.6331
0.6391
0.6447
0.642
0.6473
0.6462
0.6462
0.643
0.6459
0.6496
0.6496
0.6438
0.6453
0.6483
0.6462
0.6401
0.6422
0.6387
0.6397
0.6377
0.6294
0.6253
0.6284
0.6322
0.6286
0.6271
0.6333
0.6316
0.6326
0.6352
0.6317
0.6364
0.6365
0.6354
0.6376
0.6375
0.6404
0.6334
0.6331
0.6338
0.6311
0.639
0.6484
0.648
0.6482
0.64
0.64
0.6357
0.638
0.6396
0.6431
0.652
0.6517
0.6512
0.6502
0.6551
0.6572
0.6577
0.6588
0.6582
0.6614
0.6678
0.6743
0.6744
0.675
0.6796
0.6791
0.6823
0.6811
0.6829
0.6862
0.6857
0.6888
0.6894
0.6903
0.6835
0.6827
0.6743
0.6756
0.6729
0.6729
0.6768
0.6765
0.6811
0.6777
0.6835
0.6836
0.6918
0.6839
0.683
0.6825
0.6755
0.6725
0.6768
0.6755
0.6822
0.6799
0.6805
0.6783
0.678
0.6796
0.6853
0.6855
0.6792
0.6837
0.6902
0.6943
0.6947
0.6953
0.6979
0.6953
0.6938
0.6944
0.693
0.6834
0.68
0.6824
0.6797
0.6822
0.6832
0.6844
0.6776
0.6818
0.6834
0.6782
0.6738
0.6743
0.6724
0.674
0.6734
0.673
0.6739
0.6819
0.6819
0.6844
0.6825
0.6848
0.6882
0.6813
0.6814
0.6831
0.687
0.6911
0.6895
0.6932
0.6903
0.6929
0.6932
0.6948
0.6981
0.7009
0.7011
0.7051
0.6992
0.6995
0.7038
0.7056
0.704
0.7053
0.7044
0.7069
0.7089
0.7118
0.7075
0.7073
0.7097
0.7065
0.7027
0.7009
0.7066
0.7078
0.7073
0.7099
0.7097
0.711
0.7165
0.7151
0.7211
0.7207
0.7202
0.7192
0.7226
0.7245
0.7263
0.7304
0.7328
0.735
0.734
0.7337
0.7339
0.7311
0.7351
0.7328
0.7312
0.7372
0.7384
0.7426
0.7422
0.7421
0.7448
0.7439
0.7389
0.7346
0.7303
0.7311
0.7247
0.728
0.725
0.726
0.7297
0.7317
0.7308
0.7301
0.7333
0.7274
0.7288
0.7234
0.7243
0.7232
0.7244
0.7245
0.7256
0.7261
0.7256
0.7252
0.7275
0.7274
0.7339
0.7338
0.7353
0.7346
0.7348
0.734
0.7385
0.7435
0.7433
0.7432
0.7428
0.7424
0.7469
0.746
0.7448
0.7455
0.7469
0.7512
0.7513
0.7518
0.7486
0.7478
0.7444
0.7405
0.7394
0.7413
0.7436
0.7433
0.7447
0.7436
0.7434
0.7439
0.7447
0.743
0.7436
0.7424
0.7402
0.7411
0.7399
0.7358
0.7382
0.7394
0.7416
0.7392
0.7384
0.7352
0.7358
0.738
0.7357
0.7351
0.7327
0.7325
0.7352
0.7333
0.7331
0.7365
0.7358
0.7346
0.7348
0.7371
0.7388
0.7392
0.7417
0.7445
0.744
0.7488
0.7474
0.7446
0.7481
0.7502
0.7482
0.7488
0.7501
0.7511
0.749
0.7502
0.7528
0.7501
0.7471
0.7509
0.7517
0.7508
0.7554
0.7563
0.7577
0.7582
0.7624
0.7614
0.7589
0.7617
0.7639
0.758
0.7584
0.7559
0.7551
0.7583
0.7595
0.7618
0.7611
0.7612
0.7601
0.7612
0.7609
0.7616
0.7669
0.7712
0.7688
0.7668
0.7685
0.7701
0.7735
0.7715
0.7679
0.7673
0.771
0.7718
0.7742
0.7733
0.771
0.7677
0.7722
0.7718
0.7714
0.7729
0.7741
0.7729
0.7738
0.7756
0.7729
0.7692
0.7678
0.7691
0.7643
0.7593
0.7534
0.7575
0.7577
0.7605
0.7625
0.7635
0.7621
0.7617
0.7589
0.7591
0.7577
0.7635
0.7645
0.7609
0.7568
0.7527
0.7555
0.7574
0.7526
0.7526
0.7509
0.7495
0.7498
0.7552
0.7602
0.7576
0.7614
0.7637
0.7725
0.7726
0.7785
0.7803
0.7796
0.7815
0.7795
0.7806
0.7809
0.7788
0.7795
0.7839
0.7827
0.7859
0.7863
0.7825
0.7839
0.7836
0.7859
0.7849
0.7878
0.7936
0.7963
0.7967
0.7925
0.7921
0.7979
0.7971
0.7979
0.7991
0.7965
0.7991
0.7976
0.794
0.7936
0.7877
0.7864
0.7854
0.7851
0.789
0.7872
0.7874
0.788
0.7846
0.7822
0.7825
0.7883
0.7888
0.7871
0.7896
0.7859
0.7881
0.7881
0.7873
0.789
0.7855
0.7809
0.7803
0.7768
0.7792
0.7804
0.7792
0.7798
0.7825
0.7842
0.7834
0.782
0.7811
0.7756
0.7798
0.7795
0.7789
0.7822
0.7865
0.7861
0.7816
0.7775
0.7792
0.7787
0.7767
0.7811
0.782
0.7797
0.7833
0.7838
0.7875
0.7863
0.7951
0.7914
0.7877
0.7919
0.7945
0.7997
0.7989
0.7904
0.7881
0.7871
0.7828
0.7856
0.7806
0.7824
0.7859
0.7814
0.781
0.7818
0.7896
0.7964
0.7951
0.7948
0.7994
0.795
0.79
0.7949
0.7953
0.791
0.7914
0.7939
0.7978
0.7945
0.7912
0.7905
0.7821
0.7792
0.7748
0.7741
0.781
0.7808
0.777
0.7843
0.785
0.7812
0.7841
0.78
0.7772
0.7826
0.7784
0.7848
0.7777
0.7816
0.7736
0.779
0.7822
0.7837
0.7866
0.7857
0.7879
0.7916
0.7927
0.7945
0.7915
0.7979
0.803
0.8045
0.8072
0.8101
0.8119
0.8077
0.8101
0.8163
0.826
0.8259
0.8261
0.8235
0.8257
0.8269
0.8177
0.8138
0.8158
0.8238
0.8254
0.8222
0.8316
0.8333
0.8322
0.8309
0.8353
0.828
0.8268
0.8221
0.8203
0.8207
0.8285
0.8325
0.8358
0.8396
0.8397
0.8384
0.8413
0.8322
0.8302
0.8307
0.8387
0.8388
0.8442
0.842
0.8391
0.8394
0.8395
0.8378
0.8376
0.8399
0.8411
0.8392
0.8405
0.8402
0.8348
0.8361
0.8346
0.8357
0.8317
0.827
0.8288
0.8226
0.8272
0.8268
0.8192
0.8173
0.8143
0.8126
0.824
0.8266
0.8255
0.8261
0.8247
0.8236
0.8308
0.8246
0.8288
0.8274
0.8229
0.8258
0.8252
0.8321
0.8461
0.844
0.8446
0.8452
0.8456
0.8442
0.8426
0.8426
0.845
0.8432
0.8328
0.8323
0.8348
0.8333
0.8371
0.8365
0.8466
0.8462
0.8531
0.8489
0.8483
0.8535
0.8521
0.8484
0.849
0.844
0.853
0.8484
0.8458
0.8463
0.8528
0.8493
0.8511
0.8569
0.8533
0.8557
0.8524
0.8558
0.85
0.8489
0.8472
0.8466
0.8372
0.8283
0.8319
0.8339
0.8285
0.8237
0.8286
0.826
0.8343
0.8366
0.8316
0.8339
0.8361
0.8316
0.8282
0.8316
0.8316
0.8339
0.8287
0.8244
0.821
0.8352
0.8391
0.8391
0.8315
0.8312
0.8307
0.8325
0.8285
0.8305
0.8227
0.8187
0.8253
0.8238
0.8171
0.8181
0.8138
0.8151
0.8141
0.8058
0.8066
0.8054
0.8021
0.7975
0.798
0.8001
0.8099
0.8185
0.8174
0.814
0.8129
0.8148
0.8173
0.8177
0.8227
0.8214
0.8148
0.8088
0.8086
0.8039
0.8019
0.8079
0.8084
0.8097
0.8093
0.8075
0.8106
0.8202
0.8211
0.825
0.8239
0.8285
0.8324
0.8292
0.8291
0.8216
0.8237
0.8309
0.8297
0.8307
0.8275
0.8269
0.8169
0.8284
0.8357
0.8368
0.8381
0.8395
0.8402
0.8365
0.826
0.8284
0.8296
0.8223
0.827
0.8305
0.8245
0.8207
0.8228
0.8139
0.8259
0.8254
0.8313
0.8258
0.8252
0.8177
0.8174
0.814
0.8157
0.8174
0.8151
0.8211
0.8127
0.8016
0.7947
0.7993
0.7937
0.7946
0.795
0.7961
0.791
0.7886
0.7933
0.7909
0.7918
0.7877
0.7803
0.7763
0.7786
0.7802
0.7718
0.7725
0.7769
0.7774
0.7769
0.7756
0.7734
0.7701
0.769
0.7654
0.7664
0.7641
0.7655
0.7678
0.7736
0.7806
0.7742
0.774
0.7709
0.7733
0.7778
0.777
0.7769
0.7784
0.7747
0.7713
0.7744
0.7738
0.7753
0.7717
0.7729
0.7701
0.7644
0.7601
0.7503
0.7476
0.7453
0.7516
0.748
0.7431
0.7452
0.7467
0.7494
0.7568
0.7554
0.7628
0.7611
0.7583
0.7561
0.7549
0.7578
0.7567
0.7542
0.7653
0.765
0.7651
0.7675
0.7677
0.7707
0.7772
0.7768
0.781
0.7836
0.7839
0.7772
0.7708
0.7677
0.7664
0.767
0.767
0.7667
0.7649
0.7708
0.7657
0.7666
0.7715
0.7686
0.768
0.7653
0.7627
0.7562
0.7544
0.7629
0.7647
0.7661
0.7592
0.7541
0.753
0.7427
0.7378
0.7333
0.7349
0.7346
0.7344
0.7391
0.74
0.7468
0.7479
0.7465
0.7514
0.7552
0.7467
0.7521
0.7511
0.7561
0.7513
0.7498
0.7452
0.746
0.7433
0.7537
0.7493
0.7532
0.7531
0.7521
0.7537
0.7584
0.7641
0.7663
0.7677
0.7716
0.7672
0.7718
0.7723
0.7708
0.7749
0.7759
0.7752
0.774
0.7714
0.7769
0.7798
0.7847
0.7843
0.7814
0.7846
0.7866
0.7833
0.7808
0.7885
0.7927
0.7943
0.7992
0.8004
0.8018
0.8072
0.8098
0.8112
0.8072
0.8059
0.814
0.8138
0.8122
0.8139
0.8056
0.8041
0.8108
0.8112
0.8134
0.8147
0.8149
0.8153
0.8106
0.8213
0.8205
0.8207
0.823
0.8161
0.8158
0.8156
0.8188
0.8207
0.8258
0.8288
0.8292
0.8215
0.8203
0.8208
0.8298
0.8326
0.8263
0.8277
0.8279
0.8235
0.8119
0.8086
0.8107
0.8095
0.8089
0.8082
0.816
0.8186
0.8172
0.815
0.8144
0.8295
0.83
0.8292
0.8315
0.8321
0.8303
0.8295
0.8295
0.8235
0.8268
0.8159
0.8157
0.811
0.8039
0.8031
0.8094
0.8077
0.8111
0.8061
0.8056
0.8073
0.8083
0.814
0.8137
0.8117
0.8225
0.8196
0.8276
0.8207
0.8214
0.8217
0.827
0.826
0.8255
0.8239
0.8295
0.8327
0.8223
0.8295
0.833
0.826
0.8301
0.8151
0.8117
0.8141
0.8178
0.8187
0.8166
0.8205
0.8181
0.8156
0.8262
0.826
0.8331
0.8348
0.8359
0.8326
0.8367
0.8314
0.8415
0.846
0.8403
0.8423
0.844
0.8414
0.8277
0.8214
0.8265
0.8371
0.835
0.836
0.8447
0.8388
0.8427
0.8445
0.84
0.8444
0.8428
0.8316
0.8338
0.8345
0.836
0.8371
0.8281
0.8268
0.8273
0.8215
0.8253
0.8321
0.8239
0.8087
0.812
0.8218
0.8224
0.8243
0.8243
0.8241
0.8105
0.8107
0.8137
0.8071
0.8172
0.8149
0.8152
0.8187
0.8094
0.818
0.8114
0.806
0.8069
0.8196
0.8192
0.8187
0.8027
0.8005
0.804
0.7999
0.7931
0.7964
0.7978
0.7865
0.7882
0.7788
0.783
0.7849
0.7805
0.7795
0.7892
0.7873
0.7872
0.797
0.7978
0.7972
0.8049
0.8015
0.8058
0.8017
0.7909
0.8025
0.7948
0.7863
0.7909
0.7949
0.8097
0.8069
0.7949
0.7907
0.7829
0.7844
0.78
0.7835
0.7918
0.7857
0.789
0.7947
0.7971
0.794
0.7969
0.801
0.8046
0.803
0.8033
0.8069
0.8066
0.8082
0.8048
0.8057
0.8113
0.8116
0.8146
0.8182
0.8183
0.816
0.8183
0.8218
0.8275
0.8258
0.8276
0.835
0.8338
0.8397
0.8374
0.8481
0.8496
0.8394
0.8396
0.8419
0.8352
0.8512
0.849
0.8522
0.8596
0.8684
0.871
0.8677
0.876
0.8744
0.87
0.8725
0.8625
0.8601
0.8574
0.8569
0.8515
0.8488
0.8481
0.8472
0.8571
0.8595
0.8561
0.8631
0.8594
0.8531
0.8544
0.8474
0.8514
0.8467
0.8503
0.8541
0.8635
0.8551
0.8534
0.8579
0.8624
0.8723
0.8703
0.8699
0.8739
0.8725
0.8795
0.8887
0.8862
0.8948
0.8863
0.8857
0.8921
0.8921
0.8906
0.9037
0.9006
0.9135
0.922
0.9252
0.9118
0.9101
0.9188
0.9185
0.9211
0.9197
0.9195
0.9155
0.8993
0.8979
0.8971
0.8876
0.8878
0.8832
0.8863
0.8802
0.8843
0.8793
0.8825
0.8781
0.8804
0.8875
0.8904
0.8815
0.8738
0.8699
0.869
0.8714
0.8707
0.883
0.8807
0.887
0.8919
0.8914
0.8946
0.8864
0.8856
0.8788
0.8811
0.8833
0.8838
0.8704
0.8696
0.8668
0.8649
0.8687
0.8747
0.8752
0.8674
0.8688
0.8651
0.8616
0.8534
0.8552
0.8486
0.8459
0.8425
0.8499
0.8511
0.8565
0.8537
0.8547
0.8442
0.8589
0.8526
0.85
0.8482
0.8397
0.8504
0.846
0.8422
0.845
0.8553
0.8596
0.8535
0.8578
0.8627
0.8785
0.8708
0.8675
0.8648
0.8707
0.8706
0.8806
0.8739
0.8855
0.8906
0.8902
0.8942
0.9026
0.9103
0.9061
0.9063
0.912
0.9111
0.9197
0.9192
0.9189
0.9167
0.926
0.9282
0.9301
0.9274
0.9281
0.9335
0.935
0.9313
0.9292
0.9285
0.9154
0.9161
0.9277
0.9357
0.935
0.9383
0.9395
0.9501
0.942
0.9463
0.9401
0.9406
0.9303
0.9272
0.9098
0.9053
0.9044
0.9082
0.9117
0.9114
0.9156
0.9181
0.9253
0.9306
0.9263
0.9294
0.926
0.9265
0.9241
0.9303
0.9354
0.9327
0.9265
0.9231
0.9334
0.9315
0.9326
0.9239
0.9229
0.9271
0.9186
0.9265
0.9287
0.9253
0.9225
0.9243
0.9215
0.9236
0.9306
0.9317
0.9329
0.9361
0.9363
0.9417
0.9468
0.9477
0.9487
0.9453
0.9539
0.9524
0.9608
0.9563
0.959
0.9654
0.953
0.9529
0.9531
0.9607
0.9635
0.9691
0.9709
0.974
0.9731
0.9736
0.9729
0.9731
0.9782
0.9765
0.9817
0.9914
0.9919
0.9892
0.991
0.9994
0.9991
1.0028
1.0032
1.0057
1.0063
1.0098
1.0063
1.0078
1.0032
0.9974
0.9987
0.9976
0.991
0.9903
0.9959
0.9917
0.9872
0.9893
0.987
0.9904
0.9961
1.0002
1.002
1.0034
1.0098
1.0163
1.0172
1.0163
1.0248
1.0226
1.0253
1.0229
1.0271
1.0294
1.0302
1.0195
1.0185
1.013
1.0127
1.014
1.0099
1.0213
1.0174
1.0217
1.0121
1.0136
1.0177
1.0136
1.0197
1.0233
1.0242
1.0185
1.0219
1.0177
1.0129
1.0227
1.0267
1.0321
1.029
1.0188
1.0245
1.0259
1.0208
1.0184
1.0085
1.0082
1.0025
1.0157
1.018
1.0163
1.0219
1.0176
1.029
1.0276
1.0322
1.0194
1.0217
1.0247
1.0155
1.0187
1.0223
1.0166
1.0218
1.0308
1.034
1.026
1.0352
1.0202
1.0135
1.0157
1.0229
1.0173
1.019
1.0137
0.9952
1.0043
1.0113
0.9915
0.9885
0.9885
0.9927
0.9884
0.9973
1.0087
1.0124
1.0108
1.0069
1.0093
1.0281
1.0218
1.0199
1.0137
1.0083
1.0086
1.0118
1.0177
1.0208
1.0302
1.03
1.0365
1.0441
1.0508
1.0584
1.057
1.06
1.0599
1.0547
1.0588
1.0599
1.0555
1.065
1.0645
1.0617
1.0704
1.0672
1.0695
1.0769
1.0862
1.086
1.0857
1.0799
1.087
1.0855
1.0866
1.0978
1.0966
1.1079
1.0964
1.0941
1.0997
1.1055
1.0931
1.089
1.0902
1.1072
1.1033
1.1105
1.1071
1.1088
1.1136
1.1202
1.1255
1.1244
1.1203
1.1222
1.1231
1.1329
1.137
1.1371
1.1333
1.1361
1.1349
1.1429
1.1386
1.1383
1.1351
1.1371
1.1356
1.1472
1.1478
1.1461
1.1405
1.1403
1.1391
1.1328
1.1293
1.1333
1.1328
1.1328
1.1331
1.1416
1.1418
1.1426
1.143
1.1343
1.1409
1.1472
1.1505
1.1554
1.1502
1.1554
1.1574
1.1501
1.1422
1.1489
1.1497
1.1412
1.1488
1.145
1.1446
1.1482
1.1405
1.1408
1.1465
1.1492
1.1529
1.1525
1.1497
1.1604
1.1636
1.161
1.1551
1.1606
1.1561
1.1387
1.1384
1.1273
1.1316
1.1302
1.1347
1.1324
1.132
1.1183
1.1206
1.1216
1.122
1.1196
1.1197
1.1174
1.1125
1.1071
1.1242
1.1242
1.1293
1.1326
1.1355
1.138
1.1403
1.1246
1.1111
1.1107
1.1063
1.1085
1.1063
1.1191
1.113
1.1204
1.1227
1.1233
1.1169
1.1257
1.1228
1.1222
1.1156
1.1268
1.1265
1.132
1.136
1.139
1.1391
1.1382
1.1321
1.1375
1.1308
1.1342
1.1334
1.1351
1.1191
1.1187
1.1206
1.1141
1.1177
1.114
1.1078
1.108
1.1105
1.1055
1.1045
1.1198
1.1204
1.1183
1.123
1.1211
1.1121
1.1073
1.1067
1.1008
1.0999
1.0971
1.1083
1.0977
1.0951
1.0864
1.089
1.0896
1.0935
1.0883
1.0899
1.0972
1.089
1.0833
1.0837
1.0904
1.093
1.0779
1.0791
1.0786
1.0814
1.0861
1.0977
1.103
1.0952
1.1136
1.1019
1.1164
1.128
1.125
1.1019
1.0961
1.0916
1.1002
1.0954
1.0971
1.0939
1.0928
1.0936
1.0891
1.0936
1.0891
1.0971
1.0941
1.1072
1.1154
1.1193
1.1207
1.1358
1.1393
1.1347
1.1307
1.1317
1.1351
1.141
1.1439
1.1397
1.1393
1.1347
1.1443
1.1507
1.148
1.1484
1.1448
1.1635
1.1734
1.17
1.1715
1.1644
1.1696
1.1765
1.1798
1.1956
1.1816
1.1787
1.1795
1.1779
1.1846
1.1632
1.1581
1.164
1.166
1.1701
1.17
1.171
1.1617
1.1614
1.1596
1.1692
1.1716
1.1871
1.1758
1.1752
1.1795
1.171
1.1825
1.1799
1.183
1.1671
1.1689
1.1624
1.1613
1.1674
1.1671
1.1555
1.1405
1.1346
1.1328
1.1325
1.1383
1.144
1.1425
1.1346
1.1283
1.1299
1.1232
1.1204
1.1237
1.1187
1.1202
1.1247
1.1213
1.1069
1.1142
1.1183
1.1158
1.1084
1.1142
1.1319
1.1319
1.1247
1.1259
1.1203
1.1263
1.1251
1.1152
1.106
1.1151
1.1098
1.1141
1.1374
1.1406
1.1337
1.1279
1.1188
1.1154
1.1237
1.1246
1.1154
1.0996
1.1112
1.1138
1.1143
1.0972
1.0927
1.0763
1.072
1.0718
1.0758
1.071
1.0769
1.0686
1.0748
1.0827
1.0898
1.0977
1.0898
1.1064
1.0988
1.0972
1.0853
1.0929
1.1046
1.0893
1.086
1.0727
1.082
1.0899
1.077
1.0741
1.0667
1.0679
1.0652
1.0677
1.079
1.0903
1.0818
1.0818
1.0827
1.0686
1.0653
1.0704
1.0604
1.0686
1.0608
1.0616
1.0512
1.0505
1.0672
1.06
1.0563
1.0449
1.0532
1.0776
1.0508
1.0612
1.0608
1.0757
1.0739
1.0749
1.0803
1.0832
1.091
1.0997
1.1169
1.1161
1.1153
1.1207
1.1403
1.1371
1.1386
1.1251
1.1255
1.1211
1.1365
1.1291
1.1365
1.1456
1.1658
1.1684
1.1725
1.1933
1.1915
1.1825
1.1848
1.1745
1.1795
1.1721
1.1662
1.166
1.1667
1.1633
1.1539
1.1689
1.1628
1.1594
1.1539
1.165
1.1612
1.178
1.1889
1.1915
1.2044
1.2089
1.1963
1.197
1.1875
1.1854
1.192
1.1705
1.1767
1.1682
1.1587
1.1517
1.1473
1.1511
1.1515
1.1506
1.1434
1.1419
1.1399
1.1329
1.1375
1.132
1.1328
1.1435
1.1408
1.1629
1.1774
1.1752
1.1714
1.1705
1.1569
1.1636
1.1574
1.1659
1.1531
1.1477
1.1492
1.1232
1.1138
1.1115
1.1264
1.1186
1.121
1.1109
1.1085
1.1085
1.109
1.1156
1.109
1.1033
1.0915
1.0916
1.0947
1.1042
1.1079
1.101
1.1104
1.1084
1.1024
1.101
1.1036
1.0946
1.0933
1.0792
1.0834
1.0733
1.0607
1.0655
1.071
1.0673
1.0717
1.0815
1.0813
1.0677
1.0655
1.067
1.0611
1.0496
1.0468
1.0544
1.0519
1.0499
1.0512
1.0524
1.0499
1.0504
1.0637
1.0572
1.0673
1.0685
1.0689
1.0591
1.0473
1.0453
1.0363
1.0474
1.044
1.0421
1.0484
1.0487
1.046
1.0393
1.0473
1.055
1.0567
1.0739
1.0661
1.0752
1.0792
1.0742
1.0971
1.1057
1.1024
1.1073
1.1142
1.1178
1.1162
1.1107
1.0975
1.0873
1.1091
1.1028
1.1019
1.114
1.1148
1.1242
1.1176
1.0989
1.0919
1.0966
1.099
1.0828
1.086
1.0661
1.0655
1.0668
1.0636
1.0579
1.0496
1.0393
1.05
1.0428
1.0425
1.0387
1.0468
1.0434
1.039
1.0421
1.0468
1.0466
1.0403
1.0511
1.0411
1.0339
1.0226
1.0293
1.0406
1.04
1.028
1.0287
1.0314
1.0342
1.0324
1.0371
1.0377
1.0342
1.0406
1.0434
1.0432
1.0432
1.0356
1.0281
1.0371
1.03
1.0257
1.0081
0.9964
0.9962
1.0125
1.0164
1.0124
1.0139
1.0188
1.0222
1.0127
1.0148
1.0058
1.0147
1.0188
1.0171
1.0107
1.0241
1.0298
1.0302
1.026
1.0119
0.9981
0.9991
0.9929
0.9903
0.9835
0.9869
0.9865
0.9879
0.9879
0.9748
0.97
0.9675
0.975
0.9713
0.9682
0.9689
0.9713
0.9763
0.9938
0.9914
0.9949
0.993
0.9869
0.9891
0.9846
0.9907
0.9916
0.9869
0.9913
0.9833
0.993
0.9942
0.9858
0.9868
0.979
0.973
0.9752
0.9777
0.9982
0.9987
0.9914
0.9908
0.9897
0.984
0.9824
0.9818
0.9729
0.9689
0.9709
0.9712
0.9601
0.9706
0.9678
0.9692
0.961
0.9572
0.9612
0.963
0.9596
0.9639
0.9534
0.9499
0.9512
0.948
0.9514
0.9508
0.944
0.9368
0.9355
0.9258
0.9302
0.9238
0.9248
0.9179
0.9279
0.9254
0.9283
0.94
0.9405
0.9331
0.9357
0.9314
0.9314
0.9324
0.936
0.9394
0.9501
0.9558
0.9579
0.952
0.9579
0.9531
0.9656
0.9594
0.963
0.9607
0.9654
0.9592
0.9639
0.9489
0.9436
0.9446
0.9456
0.9422
0.9355
0.945
0.9464
0.9539
0.9557
0.9567
0.9593
0.9484
0.9532
0.937
0.9395
0.9506
0.9517
0.9451
0.9463
0.9369
0.9383
0.9337
0.9331
0.9308
0.9295
0.928
0.9363
0.9354
0.9335
0.9324
0.9379
0.9405
0.9392
0.9519
0.9517
0.9524
0.9615
0.9696
0.9803
0.9814
0.9865
0.9833
0.9857
0.9808
0.9783
0.9783
0.9769
0.9782
0.9757
0.9775
0.9661
0.9691
0.968
0.9588
0.9603
0.9674
0.9685
0.9665
0.9617
0.9668
0.9701
0.959
0.9594
0.9507
0.9539
0.9555
0.9555
0.9682
0.9637
0.9685
0.9653
0.9571
0.9597
0.9589
0.9594
0.9576
0.9413
0.9428
0.9447
0.9414
0.9378
0.9369
0.937
0.9382
0.9384
0.9393
0.9334
0.9275
0.9296
0.9266
0.9292
0.9407
0.9463
0.9461
0.9427
0.9415
0.9379
0.9443
0.9435
0.9393
0.9448
0.9411
0.9381
0.9341
0.9334
0.9258
0.9275
0.9256
0.9262
0.9309
0.9281
0.9234
0.9335
0.9271
0.9264
0.9292
0.9318
0.9318
0.9259
0.9226
0.9199
0.918
0.9168
0.9178
0.9114
0.9089
0.9094
0.9147
0.917
0.9056
0.9138
0.919
0.9184
0.924
0.926
0.9195
0.9139
0.9181
0.9067
0.9062
0.9085
0.9085
0.9073
0.9034
0.8933
0.889
0.8921
0.8909
0.8843
0.8909
0.8829
0.8838
0.8831
0.8876
0.8818
0.8839
0.881
0.8843
0.8801
0.8757
0.8737
0.865
0.8669
0.863
0.8619
0.8647
0.8624
0.8611
0.8654
0.8554
0.857
0.865
0.87
0.8632
0.8538
0.86
0.8502
0.8448
0.8475
0.8573
0.8547
0.855
0.8572
0.8559
0.8564
0.8556
0.8509
0.8512
0.8523
0.8483
0.8447
0.8456
0.8484
0.8528
0.8544
0.8572
0.8564
0.856
0.8552
0.858
0.8647
0.8734
0.871
0.8715
0.8714
0.8713
0.8635
0.8588
0.8527
0.8534
0.8521
0.8637
0.8654
0.8579
0.8609
0.8626
0.8497
0.8477
0.8534
0.8479
0.8439
0.8466
0.8439
0.8472
0.8477
0.8407
0.8356
0.8376
0.8419
0.8389
0.8327
0.8299
0.8302
0.8406
0.8368
0.8433
0.8351
0.8223
0.8248
0.8378
0.8357
0.8366
0.8435
0.8543
0.8576
0.8589
0.8543
0.8578
0.8623
0.8613
0.8598
0.8645
0.859
0.8646
0.8623
0.8701
0.8622
0.8647
0.881
0.8832
0.882
0.8864
0.8815
0.8948
0.8942
0.9074
0.9238
0.9234
0.9192
0.9176
0.9184
0.9192
0.9198
0.9183
0.9163
0.9178
0.9115
0.9066
0.9099
0.909
0.9055
0.9035
0.9052
0.911
0.9116
0.9088
0.9067
0.906
0.9069
0.9105
0.9087
0.9158
0.9148
0.9132
0.9085
0.9132
0.9153
0.9213
0.9189
0.9212
0.9288
0.9341
0.9286
0.9255
0.9236
0.9287
0.9304
0.9286
0.9216
0.926
0.9243
0.9171
0.92
0.92
0.9164
0.9107
0.9142
0.9145
0.9183
0.9261
0.9215
0.9215
0.9177
0.9089
0.9079
0.9054
0.901
0.905
0.9101
0.9095
0.9106
0.9084
0.91
0.9052
0.8979
0.8981
0.9041
0.9115
0.914
0.9099
0.9082
0.9081
0.9067
0.9074
0.9038
0.9012
0.9017
0.9058
0.9093
0.9169
0.9165
0.9173
0.9145
0.9171
0.919
0.9157
0.9151
0.9212
0.9238
0.9236
0.9184
0.9218
0.9286
0.932
0.9393
0.9414
0.9438
0.9443
0.9445
0.9444
0.9421
0.9338
0.9312
0.933
0.9343
0.9337
0.9363
0.933
0.9326
0.9265
0.9301
0.9277
0.9335
0.9381
0.9352
0.9332
0.9355
0.9339
0.929
0.9238
0.9255
0.9273
0.9263
0.9257
0.9204
0.9191
0.9308
0.9317
0.9294
0.9321
0.9292
0.9317
0.9247
0.9301
0.9242
0.9267
0.9163
0.9139
0.9238
0.9292
0.9306
0.9339
0.9315
0.9223
0.9143
0.9136
0.9089
0.9201
0.9327
0.9393
0.9373
0.9329
0.9347
0.9303
0.9298
0.9286
0.929
0.9273
0.9317
0.9299
0.928
0.9203
0.9167
0.9137
0.9103
0.9044
0.9045
0.9079
0.9022
0.9041
0.9039
0.9101
0.9027
0.9042
0.9041
0.9087
0.9145
0.9117
0.9084
0.9024
0.9015
0.9045
0.9059
0.899
0.8993
0.8969
0.8889
0.8847
0.8912
0.8826
0.8832
0.8792
0.8836
0.8822
0.8783
0.8785
0.8726
0.8725
0.8699
