113.64
113.18
113.67
113.98
113.74
113.9
113.43
113.52
112.54
112.94
112.2
112.19
111.82
112.28
112.5
112.45
112.68
112.65
112.82
112.76
112.85
112.77
112.51
112.34
112.84
112.24
111.73
111.99
112.48
112.22
111.59
111.57
110.83
110.24
110.49
110.17
109.39
107.84
108.45
109.22
108.81
109.72
110.25
109.98
110.24
109.71
109.25
109.36
109.56
109.04
109.57
108.98
109.18
109.57
110.19
110.67
109.63
109.19
109.2
110.07
110.32
110.75
110.69
110.05
110.72
110.36
110.26
110.68
111.26
111.18
111.89
111.1
111.13
111.91
111.97
112.07
112.63
112.53
113.28
113.17
113.94
114.04
113.92
113.22
113.26
113.28
113.38
112.39
112.18
112.3
112.35
111.86
111.28
111.33
111.38
111.45
111.53
110.88
110.93
109.58
110.07
109.95
110.32
110.02
109.82
109.41
110.45
110.4
111.37
110.78
110.85
111.27
111.33
111.84
111.49
111.78
111.3
111.26
111.49
110.83
113.12
113.79
113.38
113.86
114.28
113.98
113.26
112.71
112.46
112.75
111.99
111.84
111.49
111.26
111.06
111.09
109.77
109.09
109.32
108.86
108.43
108.91
108.64
109.09
109.03
109.62
110.94
111.09
110.81
110.7
110.74
110.9
111.39
111.92
111.04
111.15
110.66
111.34
110.94
111.16
111.71
112.55
112.7
113.31
113.38
114.75
114.88
114.79
114.95
114.35
113.98
113.89
114.04
114.41
113.73
112.77
112.7
112.12
112.61
113.31
113.68
113.1
112.84
113.24
114.16
114.26
113.74
113.22
113.25
111.93
112.39
111.74
112.61
112.8
113.25
112.8
113.77
115.1
114.53
113.28
113.79
112.71
114.62
114.86
114.65
112.62
114.2
114.49
114.72
115.41
115.77
116.03
117.02
115.35
117.25
117.75
117.55
116.96
116.54
117.26
117.43
117.1
117.33
117.54
117.55
117.86
117.09
117.93
118.18
117.04
115.19
115.02
115.32
114.04
113.77
114.02
113.85
113.51
114.1
114.46
112.38
111.94
113.22
113.33
112.52
111.14
110.82
110.91
110.12
109.08
109.2
108.42
106.65
106.83
105.67
105.16
104.46
103.12
102.98
103.3
104.15
104.82
104.74
105.29
104.47
104.22
104.18
103.8
103.95
103.44
103.87
103.89
104.18
103.71
104.21
103.51
103.61
102.98
103.95
103.5
102.9
101.65
101.35
101.03
100.69
100.43
100.33
101.02
100.76
100.32
101.7
101.93
102.29
102.1
102.43
102.56
101.85
102.69
102.49
101.74
102.02
103.43
103.92
103.23
103.43
102.96
101.92
101.84
100.53
100.45
100.24
100.33
100.22
99.89
100.28
100.31
101.26
101.3
101.96
101.29
101.88
102.45
101.82
101.22
101.24
100.89
102.39
102.06
105.27
105.4
104.66
105.81
106.13
105.82
106.89
106.12
106.16
104.88
105.35
104.49
104.69
102.8
100.54
100.77
101.32
101.74
102.56
102.52
103.2
102.83
102.75
102
102.22
106.16
104.41
104.75
103.94
104.16
104.26
106.01
106.11
106.26
106.97
107.1
106.99
107.37
107.56
106.53
108.87
109.54
110.73
111.12
110.31
109.76
110.19
109.99
109.24
110.15
109.96
110.19
109.14
109.03
108.63
109.02
108.41
109.27
108.32
107.12
107.26
107.01
106.6
106.41
106.5
108.11
111.46
111.31
111.2
111.79
109.46
109.84
109.21
108.82
108.76
109.4
109.34
108.54
107.94
108.07
108.21
109.79
110.34
111.34
111.69
112.57
112.43
112.7
113.45
113.08
112.9
112.38
112.37
111.95
111.55
111.39
112.56
113.18
113.82
113.86
113.19
113.35
112.62
113.46
113.74
113.69
113.48
114.01
112.69
114
113
112.18
112.1
112.92
112.63
113.24
114.1
114.07
114.6
113.25
112.42
113.35
115.11
115.85
116.87
116.78
117.9
119.97
120.99
121.14
118.82
118.68
118.42
118.3
118.78
117.7
116.94
117.64
117.32
116.98
118.06
117.68
117.65
117.76
117.26
117.67
118.47
119.06
119.44
120.55
120.22
120.52
120.46
120.4
120.33
120.43
120.92
121.07
121.19
121.16
122.56
122.21
121.68
121.03
121.01
121.56
121.44
122.93
123.37
123.11
122.61
123.24
122.87
123.11
122.8
122.57
122.74
122.53
122.84
122.81
122.87
123.64
123.45
123.18
122.61
122.61
122.86
123.15
123.18
123.13
121.75
121.57
121.07
120.76
120.62
121.13
121.09
120.46
121.1
121.47
120.69
119.93
119.84
119.5
119.44
118.9
118.83
119.75
120.04
120.27
119.93
120.01
120.23
120.46
119.91
119.93
119.88
119.74
119.92
120.59
120.07
120.28
120.15
120.56
119.98
120.01
120.57
120.42
120.23
120.59
120.62
120.5
119.81
119.28
118.99
120.07
120.33
119.37
121.23
121.71
121.03
119.92
118.83
118.41
122.04
123.4
123.8
124.41
124.39
124.31
124.43
124.21
125.13
124.63
124.24
124.74
124.87
124.38
124.03
123.89
124.14
123.94
123.56
123.25
123.81
123.93
123.97
123.89
124.27
124.09
124.15
123.76
123.4
123.43
122.78
121.34
120.71
122.54
122.57
122.79
123.07
123.17
122.5
122.54
123.85
123.63
123.85
123.94
123.37
122.71
122.96
123.43
123.36
123.42
123.39
123.42
122.68
124.34
124.49
125.63
124.36
124.25
124.11
124.77
124.15
123.95
123.66
123.1
121.56
121.54
121.04
121.35
120.69
119.99
119.25
119.18
119.15
119.87
120.08
119.76
119.74
119.46
119.86
120.13
120.15
119.38
119.02
118.86
119.04
118.99
119.58
119.91
119.67
119.18
118.9
119.02
119.14
119.4
120.13
120.22
120.58
120.13
120.28
119.54
118.97
119.72
119.76
120.13
120.07
119.13
119.19
119.49
119.76
119.73
120.04
120.78
120.11
121.37
121.34
121.4
121.29
121.45
121.13
121.15
120.83
120.13
119.68
119.73
120.13
119.63
119.41
118.86
118.97
118.81
119.03
118.95
118.79
119.25
118.48
118.75
119.11
120.46
119.43
118.64
119.12
117.53
117.28
117.57
117.57
117.49
118.29
117.54
117.87
118.46
117.77
118.49
117.97
118.82
117.56
117.51
116.17
117.33
117.93
118.35
118.5
119.66
119.26
118.39
119.64
120.5
119.74
119.78
119.48
120.67
120.31
120.1
120.51
120.69
120.05
119.5
118.84
118.65
116.41
117.82
118.75
118.65
117.82
119.69
120.69
121.46
119.78
119.79
119.21
118.4
118.63
117.71
117.73
117.97
118.27
117.79
118.21
117.97
116.86
116.65
116.29
115.77
115.49
115.78
114.86
114.6
115.21
114.64
113.6
114.05
112.32
109.21
108.89
108.16
107.82
108.16
108.27
107.14
107
106.95
106.88
106.33
105.92
107.05
106.86
107.66
107.84
108.08
108.03
108.78
109.76
108.42
108.89
109.65
109.5
109.29
108.75
109.04
108.89
108.84
109.04
108.69
108.37
107.13
107.19
107.34
107.11
106.86
106.2
106.03
105.09
105.27
104.79
105.09
104.35
104.09
103.72
103.88
104.06
104.05
103.95
103.85
103.76
102.92
102.57
102.36
102.45
102.42
102.26
102.19
102.04
102.1
102.1
102.6
102.57
102.61
102.8
102.79
102.12
101.86
101.84
101.82
101.48
101.46
101.4
101.34
101.18
101.67
101.68
101.54
101.3
101.34
101.64
101.57
101.86
102.06
102.19
101.77
101.53
101.33
101.42
101.73
101.87
101.97
101.93
102.07
101.94
101.93
102.15
101.83
102.04
101.7
102.07
102.35
102.53
102.48
102.41
102.75
102.51
102.38
101.77
101.79
101.85
101.98
101.94
101.97
101.74
101.37
101.33
101.5
101.5
101.58
101.9
102.26
102.13
101.86
101.66
101.9
101.68
102.14
102.2
102.33
102.24
102.64
102.49
102.16
102.32
102.54
102.62
102.62
102.43
102.39
102.23
101.92
101.85
101.62
101.53
102
101.81
103.1
103.29
103.93
103.88
103.65
103.23
102.83
102.18
102.04
102.26
102.24
102.25
102.39
102.32
101.44
101.77
101.36
101.84
102.76
103.02
103.27
103.28
103.07
102.3
102.21
101.45
101.8
102.13
102.38
102.24
102.51
102.51
102.28
102.31
102.36
101.92
101.8
102.17
102.53
102.63
102.26
102.3
102.11
101.45
101.64
100.98
102.04
102.72
102.29
102.94
102.55
102.31
103.26
104.52
104.3
104.18
104.32
104.35
104.56
104.22
103
104.18
104.82
104.86
104.6
104.22
104.86
104.81
105.25
105.31
105.15
105.17
104.81
104.38
104.25
104.11
104.1
104.25
104.29
102.67
103.02
103.21
103.38
102.42
102.85
103.27
102.91
101.79
102.36
102.51
102.94
102.44
102.33
102.16
101.28
101.67
101.27
101.16
100.03
100.14
99.99
100.19
100.01
99.25
99.64
99.16
99.05
98.09
98.66
98.5
98.6
98.67
98.36
98.51
98.19
97.68
97.42
97.28
97.38
98.14
98.19
97.72
97.91
98.77
98.16
98.57
98.58
98.16
97.34
96.88
96.71
97.48
97.27
97.36
98
98.27
98.24
98.99
98.43
98.75
98.85
99.36
99.45
97.94
99.13
99.08
99.38
99.54
99.89
100.39
99.58
99.11
100.11
99.74
99.57
99.33
98.17
98.35
97.64
97.03
98.51
98.72
98.72
97.68
97.27
97.55
97.53
97.37
98.14
98.2
96.9
96.21
96.67
96.33
97.74
98.3
98.94
99.54
97.88
98.03
97.96
98.21
99.29
100.27
99.43
99.67
100.65
100.43
99.59
99.1
99.86
99.22
98.96
99.68
101.15
100.97
101.2
100.04
99.91
100.63
99.66
99.14
98.35
97.72
97.81
97.73
97.9
97.28
96.45
95.33
94.51
94.31
95.37
96.02
96.03
98.76
97.56
96.97
99.06
100.03
99.53
100.45
100.73
101.16
102.37
100.96
101.31
102.02
103.16
102.5
102.27
103.21
102.26
102.25
102.42
101.82
101.62
100.59
99.01
99
99.33
98.99
97.94
97.39
97.45
97.76
98.05
99.26
99.51
99.48
99.23
99.52
98.17
98.12
97.54
96.77
98.37
99.68
99.78
99.02
99.36
97.57
96.34
93.04
93.44
93.23
94.22
94.15
94.46
94.44
94.17
94.46
94.9
96.01
95.16
95.21
95.28
96.11
96.13
96.08
96.28
96
94.82
94.07
93.29
93.48
93.59
92.56
92.24
91.98
91.82
93.42
93.11
93.57
93.57
93.96
93.5
92.88
93.39
93.48
94.32
92.68
93.63
93.64
93.63
92.38
92.77
91.71
91.08
90.73
90.86
90.91
90.33
88.61
88.71
89.6
90.1
89.88
88.38
88.79
89.48
89.18
88.78
87.88
87.05
87.79
88.15
87.24
87.34
86.7
86.75
85.96
86.1
85.63
84.77
84.94
84.24
84.39
84.41
84.21
83.89
83.52
83.65
83.26
82.52
82.36
82.49
82.4
82.47
81.9
82.25
82.48
82.12
82.08
82.15
82.08
82.4
82.48
82.52
81.68
81.41
81.32
81.17
80.25
79.38
79.5
79.49
79.47
80
80.35
80.29
80.43
80.12
79.77
79.63
79.8
79.65
80.3
79.81
79.85
79.94
79.32
79.28
78.93
78.89
78.65
78.44
78.34
78.18
78.26
78.33
78.67
78.48
78.49
78.16
77.99
77.96
77.61
77.75
77.8
77.85
78.17
78.24
78.38
78.82
78.71
78.39
77.49
77.86
77.77
78.29
78.24
78.86
78.39
78.43
78.26
78.39
78.63
78.71
78.51
78.74
78.67
78.49
78.58
79.29
79.43
79.56
79.35
78.99
78.74
78.32
78.28
78.57
78.43
78.61
78.25
78.47
78.24
78.44
78.12
78.18
78.46
78.21
78.16
78.18
78.4
78.49
78.59
78.8
79.06
78.87
79.18
79.31
79.76
79.43
79.56
79.66
79.92
79.88
79.79
79.51
79.79
79.46
79.72
79.52
79.66
80.43
80.28
79.54
78.95
79.11
78.73
79.35
79.48
79.53
79.44
79.49
79.63
79.19
78.75
78.34
78.02
78.32
79.07
79.49
79.47
79.68
79.6
79.47
79.96
79.31
79.02
79.28
80.33
80.18
79.85
79.94
79.93
79.64
79.87
79.92
79.85
80.18
80.14
80.09
79.82
80.27
80.99
81.34
81.32
81.18
81.52
81.61
81.26
80.85
80.41
80.93
80.89
80.86
80.67
81.49
81.64
82.37
82.46
82.81
82.08
82.87
82.46
82.9
83.17
82.82
82.35
82.54
83.41
83.7
83.35
83.43
83.57
83.73
82.94
82.23
82.46
81.56
81.09
80.89
81.56
81.81
81.12
81.15
80.46
80.61
81.2
80
80.29
79.74
79.63
79.55
78.94
78.43
78.44
77.57
77.61
77.67
77.04
76.76
76.55
76.6
76.22
76.2
76.27
76.35
76.7
77.45
77.78
77.67
77.02
77.01
77.11
76.82
76.83
76.78
76.97
76.76
76.85
76.85
76.86
76.97
77.12
76.72
76.74
76.9
76.91
77.64
77.94
77.88
77.98
78.09
78.17
78.06
77.89
78.05
77.76
77.86
78.07
78
77.94
77.65
77.64
77.68
77.73
77.82
77.99
77.7
77.62
77.93
77.98
77.73
77.12
77.31
76.97
76.89
76.91
76.98
77.06
77.03
77.07
77.2
77.65
77.82
77.73
78.05
78.24
78.06
78.05
78.37
78.17
75.82
75.95
76.18
76.09
76.1
76.29
76.8
76.81
76.82
76.83
77.22
76.9
77.26
76.65
76.68
76.73
76.72
76.79
76.81
76.63
77.06
76.83
76.61
76.81
76.36
76.61
76.24
76.46
76.45
76.58
76.79
76.7
76.62
76.96
77.21
77.61
77.51
77.26
77.66
76.89
76.8
76.93
76.66
76.74
76.83
76.64
77.46
76.98
76.66
76.79
76.55
76.58
76.6
76.8
76.83
76.71
76.84
76.86
76.96
77.77
78.4
78.89
77.06
77.15
77.21
76.76
77.67
77.98
77.88
78.29
78.54
78.3
78.78
79.18
79.04
79.13
79.14
78.98
79.24
80.26
80.64
81.25
80.91
81.07
80.8
80.83
80.56
80.78
81.12
80.89
80.43
80.51
80.29
80.21
80.25
80.05
80.63
80.96
80.49
80.24
80.32
80.36
79.89
80.09
80.1
80.34
80.9
80.95
81.52
80.94
80.8
81.29
81.97
81.95
82.01
81.7
81.61
81.68
81.42
80.79
80.8
80.94
81.05
80.88
80.36
80.63
80.07
80.61
80.94
81.23
81.19
81.54
82.16
81.55
81.83
81.88
81.85
82.56
82.59
82.66
83.13
83.5
83.84
83.58
84.6
84.76
84.91
85.49
84.87
84.06
84.06
83.13
82.89
82.48
81.69
81.34
80.97
80.92
80.97
81.03
80.58
78.89
79.59
80.72
81.63
81.84
82.98
82.74
82.67
82.24
82.32
82.45
81.87
81.86
81.78
81.68
81.89
82.51
82.77
83.14
83.18
83.31
83.68
83.77
83.32
83.43
83.23
82.36
82.36
82.33
82.18
81.63
81.55
81.35
82.04
82.12
82.92
82.17
82.25
82.53
82.57
83.01
82.02
82.56
82.68
82.87
82.81
83
83.24
82.71
83.15
83.33
83.25
82.04
81.74
81.12
81.53
81.62
82.38
82.81
82.88
82.91
83.57
83.75
83.77
83.98
83.91
84.24
83.66
83.39
83.95
83.76
84.04
83.49
82.66
82.53
83.82
84.19
83.69
84.26
84.1
83.6
83.54
83.16
83.33
83.55
83.52
83.18
83.29
83.07
82.53
82.49
82.28
81.69
81.18
81.26
80.75
81.07
80.63
80.51
80.4
81.03
81.75
81.43
80.81
81.38
81.33
81.09
81.59
81.27
81.45
81.48
81.81
81.72
82.07
81.93
82.41
82.93
83.22
83.36
83.22
83.53
83.7
83.87
84.29
84.21
84.38
84.5
85.09
85.69
85.86
85.78
85.75
83.04
83.71
84.15
83.78
83.88
83.83
84.21
84.31
84.28
84.44
84.2
84.62
85.23
84.45
84.58
83.9
85.16
85.62
85.39
85.46
85.53
85.33
86.2
85.9
85.32
85.44
85.94
85.51
85.82
86.27
85.79
86.5
86.47
86.79
87.47
87.9
86.88
87.46
86.95
87.05
87.51
86.69
86.57
87.4
88.41
88.74
88.62
88.62
88.36
87.7
87.52
87.77
87.75
87.6
88.43
88.6
89.37
89.23
89.61
89.82
90.57
91.11
90.71
91.01
91.44
91.46
91.58
91.65
91.34
91.3
91.46
91.37
91.9
92.71
92.13
90.95
91.27
91.06
91.04
89.92
90.23
90.29
90
89.69
91.71
92.23
92.59
92.47
92.75
93.24
92.65
93.3
91.59
90.58
93.81
94.54
94.54
93.85
94.03
94.03
93.27
93.96
93.97
93.49
93.19
93.22
92.4
92.17
93.03
93.23
93.2
93.24
93.18
93.38
93.36
93.79
94.37
94.61
93.82
93.47
92.77
92.46
92.52
92.73
92.3
90.4
90.14
90.55
90.39
90.31
90.31
90.53
90.56
90.51
90.52
89.97
90.31
90.28
89.02
88.47
88.85
89.13
88.97
89.08
90.15
90.22
91.14
91.52
91.81
91.26
90.14
90.02
89.96
89.77
89.94
89.7
89.26
89.25
89.06
90.98
90.38
90.61
90.27
89.92
90.01
89.65
90.28
89.82
90.43
91.24
91.15
90.79
90.77
91.21
91.37
90.98
92.09
92.66
93.37
92.32
91.72
92.51
93.04
93.03
92.44
92
91.63
91.3
91.54
91.64
91.84
91.17
90.5
89.97
89.78
89.61
88.62
89.1
88.2
87.87
88.43
89.51
90.56
88.26
87.39
86.68
86.41
86.53
86.59
87.35
88.5
88.97
88.89
88.98
89.32
89.25
89.06
89.66
90.37
89.87
89.81
89.93
89.88
90.71
90.73
90.34
90.21
90.09
91.41
90.76
91.8
92.19
92.06
91.3
90.97
90.78
90.55
90.89
90.56
89.45
89.71
89.83
89.79
88.39
88.61
88.83
89.54
89.81
89.61
89.71
90.09
89.63
89.64
91.28
91.29
91.1
91.93
91.29
91.08
90.93
91.05
90.94
90.71
91.73
92.04
92.33
93.08
93.01
92.64
92.22
92.92
93.12
93.6
93.52
94.26
94.19
94.56
94.38
94.2
94.08
94.69
94.51
94.94
95.48
96.06
96
97.15
97.57
95.46
94.97
95.23
95.27
94.68
95.56
94.99
94.55
95.19
94.79
94.93
93.68
93.75
94.19
94.2
93.93
94.23
93.51
92.97
92.55
93
92.88
94.9
95.35
96.04
95.95
96.66
96.36
96.06
95.19
95.95
95.67
95.22
95.87
96.27
96.48
95.75
96.39
97.84
98.44
97.64
98.12
97.38
98.49
98.64
96.58
95.99
95.77
96.59
95.34
96.86
95.34
95.03
94.83
94.78
94.41
94.88
95.98
96.31
95.21
95.8
95.31
96.45
97.49
98.47
99.12
98.31
98.82
98.8
99.12
98.63
97.66
96.45
96.77
97.17
97.96
98.02
98.73
97.89
99.16
99.28
99.37
98.98
100.1
100.25
100.42
99.76
100.42
100.99
100.32
99.52
98.53
98.96
97.26
97.86
98.71
97.54
97.86
96.95
95.94
94.52
96.23
98.6
98.18
97.95
97.72
97.28
98.67
98.85
98.26
98.07
99.16
98.17
97.46
97.58
98.52
97.39
96.65
94.61
93.35
94.2
93.79
92.41
91.73
91.93
90.94
90.4
90.47
91.47
91.9
91.23
89.43
89.44
89.45
89.92
90.03
90.27
88.98
89.1
88.75
88.92
89.49
89.76
90.65
90.72
89.84
89.05
89.38
89.22
90.4
91.21
92.65
93.65
93.44
91.84
90.75
90.64
90.34
90.68
90.82
90.38
90.46
90.98
90.25
89.32
89.44
87.24
89.05
90.65
91.21
91.46
92.77
92.13
92.82
92.84
92.23
93.3
93.18
93.19
95.53
95.19
95.67
95.23
97.35
95.96
93.7
95.74
97.03
96.44
97.14
97.68
95.01
97.66
98.01
98.24
97.75
97.95
99.71
99.12
98.47
98.61
97.39
98.03
92.78
94.32
97.31
97.67
100.14
101.87
101.69
101.58
99.96
102.08
102.02
100.67
99.82
99.14
101.48
101.82
105.32
105.34
105.72
106.11
104.18
106.01
106.56
106.11
105.56
105.52
107.45
105.44
104.66
105.65
104.66
107.95
107.17
107.7
106.81
108.28
107.73
107.08
108.29
108.61
108.14
108.8
109.5
109.49
109.61
109.31
110.08
108.44
109.86
109.72
110.13
110.54
109.74
109.53
109.27
110.06
110.18
109.44
109.8
108.35
108.27
107.71
107.92
108.13
108.11
107.46
107.84
107.33
107.9
107.33
106.45
106.97
106.28
105.13
104.73
106.14
106.28
107.07
106.76
107.51
107.18
106.81
106.73
105.92
106.13
106.21
106.14
106.81
107.81
107.82
107.85
107.34
108.01
107.88
107.93
108.22
108.19
107.96
106.97
107.44
106.31
104.93
105.94
105.23
105.09
104.43
105.52
105.51
104.69
104.24
103.44
103.38
104.08
103.06
103.68
104.33
104.05
104.75
105.04
104.75
103.75
102.87
103.74
104.73
104.78
104.86
105.4
104.43
103.92
104.02
104.19
104.43
104.27
103.38
103.03
103.27
103.67
102.48
101.83
101.83
101.1
100.96
101.95
101.81
102.66
102.4
101.47
102.26
102.36
101.85
99.7
99.23
99.65
99.2
99.98
100.75
99.58
99.51
99.04
99.86
97.33
99.09
100.65
101.8
103.42
101.76
102.67
102.67
104.02
103.37
103.49
103.74
105.37
106.49
107.28
108.07
107.17
107.4
108.12
107.78
108.23
107.82
107.87
108.34
107.31
106.97
107.3
107.49
106.54
106.82
106.71
106.49
106.45
106.23
107.11
106.9
106.73
107.18
106.72
106.44
105.99
106.87
106.54
107.64
106.79
108.17
108.84
109.34
110.05
108.9
109.18
108.6
109.32
109.66
111.65
111.75
112.29
113.73
114.34
114.13
114.3
114.05
113.14
113.43
113.4
112.95
113.28
112.22
112.24
110.66
111.71
111.69
111.32
110.9
109.87
110.47
111.24
109.94
110.03
108.97
107.41
108.29
108.44
108.42
109.98
109.77
111.09
110.31
111.33
110.9
109.41
110.69
112.6
112.63
114.73
114.55
114.86
114.67
115.44
114.64
114.66
114.19
114.18
114.27
114.78
114.55
114.52
115.63
116.68
116.92
117.4
117.61
117.28
117.25
117.14
117.42
116.97
116.46
116.75
115.75
115.74
114.81
115.63
115.56
114.78
114.87
115.5
114.76
116.1
116.08
115.12
115.37
115.09
114.26
114.27
113.72
113.38
115.38
115.28
116.33
115.97
115.77
115.86
116.18
114.27
115.86
116.45
116.2
115.34
114.44
114.88
114.36
113.89
116.61
117.58
118.25
118.4
118.16
119.73
118.84
118.88
118.06
119.21
118.96
118.62
119.06
118.63
118.68
120.5
120.26
121.1
121.28
122.01
121.95
122.34
121.9
121.93
122.42
122.49
121.74
123.41
123.34
122.95
122.7
122.47
122.42
123.17
123.18
122.84
123.26
123.67
123.89
123.72
123.57
123.36
123.68
123.44
122.92
122.72
121.7
121.73
121.73
120.98
121.09
121.39
121.78
122.1
121.73
121.66
121.66
121.72
121.79
121.4
121.66
121.56
121.47
121.12
121.31
120.83
120.28
120.35
120.2
119.9
120.09
120.04
120.1
120.19
120.45
120.16
119.87
119.53
119.63
119.57
118.75
118.59
118.65
118.69
118.48
118.69
118.91
119.74
119.27
119.16
119.39
119.06
119.33
119.26
118.73
118.73
118.96
117.86
117.83
118.07
116.86
117.81
118.14
118.12
118.13
117.55
117.29
117.53
116.75
117.57
117.09
116.28
117.74
118.34
117.18
116.06
116.6
115.53
116.8
117.62
118.56
117.94
120.66
121.08
121.58
120.94
120.03
119.56
119.43
119.27
120.8
121.17
121.94
121.71
121.03
120.68
120.1
120.34
121.14
120.82
120.7
121.63
121.74
121.54
121.26
121.19
121.64
121.66
121.24
121.22
120.67
120.66
120.43
120.33
120.5
119.63
119.38
118.79
118.63
119.05
119.39
118.85
119.04
119.06
118.93
118.87
119.15
118.76
118.87
118.34
118.47
118.12
118.15
118.18
117.84
117.59
116.79
117
116.33
115.27
115.26
114.89
115.28
115.45
115.81
116.41
116.16
116.08
115.9
116.3
116.74
117.92
118.05
117.76
118.22
118.02
117.63
118.17
117.63
117.93
117.84
117.7
118.31
118.01
117.14
117.04
116.98
117.49
117.61
118.4
119.13
119.38
119.35
118.75
118.17
118.91
118.75
119.04
119.63
119.37
119.79
119.72
119.11
119.02
117.7
117.9
117.92
117.65
118.18
117.81
117.5
117.11
116.61
116.56
116.37
117.46
117.76
117.95
117.56
117.59
117.68
117.95
117.69
116.94
116.43
116.65
116.09
116.09
117.09
117.4
117.16
116.68
117.22
117.29
116.54
116.41
116.53
115.86
115.79
115.98
115.87
116.1
116.71
116.31
115.26
115.33
115.31
115.14
114.44
115.01
114.67
114.57
114.68
114.65
115.78
116.27
117.24
116.68
116.17
117.05
116.88
117.32
117.24
116.11
115.4
115.52
114.26
114.34
114.02
115.13
115.74
114.82
114.68
114.44
115.17
116.47
116.3
116.27
116.54
116.12
114.9
114.97
115.54
115.2
114.75
115.05
115.43
114.38
113.98
114.23
113.58
113.33
112.24
111.74
112.71
112.64
112.17
112.47
112.67
111.78
112.95
111.99
111.57
111.69
110.82
110.96
109.75
110.49
110.03
110.72
110.5
111.04
111.64
112.58
113.66
113.59
113.35
113.36
113.83
114.11
114.73
114.82
114.65
116.59
117.55
117.27
117.13
117.81
118.69
118.56
118.57
118.28
118.35
118.3
117.75
117.42
117.54
117.69
117.78
117.33
117.82
117.95
116.74
117.46
117.86
117.02
117.27
116.39
115.92
116.82
117.38
117.61
118.73
119.01
118.21
117.86
117.87
117.58
116.38
115.88
116.1
115.77
116.12
116.9
117.14
118.54
118.71
118.26
118.06
117.59
117.88
117.4
117.78
117.86
118.84
118.53
117.95
119.04
118.95
118.56
118.03
117.2
117.61
117.33
116.44
115.85
114.69
114.42
115.29
115.41
115.24
115.48
114.97
114.18
114.37
114.15
114.34
114.48
114.44
115.93
116.1
116.17
117.88
117.75
117.86
117.92
117.44
116.32
116.26
116.65
117.4
117.25
116.15
115.68
116.22
117.39
119.96
119.78
120.66
120.33
121.04
120.89
120.82
120.59
120.64
119.81
119.67
118.83
119.63
118.93
118.74
118.74
119.04
119.11
118.83
119.19
118.91
118.79
118.02
118.21
117.52
117.3
117.68
118.34
117.23
116.88
116.74
116.4
115.67
115.44
115.86
115.04
115.45
115.91
115.31
115.44
115.71
114.93
114.09
114.51
114.39
114.57
114.11
113.82
113.3
114.01
114.25
114.13
113.51
113.01
113.11
113.29
112.18
112.5
111.72
111.3
111.97
111.54
111.35
110.64
110.38
110.65
110.35
109.68
110.52
110.1
109.68
109.16
109.82
109.82
110.61
111.25
110.63
110.2
110.05
110.22
109.88
109.79
110.46
110.53
109.93
109.53
109.24
109.38
109.7
110.66
111.9
112.19
111.93
111.24
111.08
111.47
112.24
112.5
112.12
112.47
112.53
111.49
111.34
110.26
112.9
112.69
111.98
112.16
112.37
111.87
110.8
111.81
112.23
112.08
112.18
111.73
111.64
111.78
110.92
110.43
110.03
109.26
109.05
108.92
108.87
108.17
109.26
108.58
108.91
109.2
109.48
109.57
108.67
107.44
107.29
106.61
106.94
107.7
108.3
108.76
108.57
108
107.92
107.97
107.72
107.64
107.65
108.16
107.64
106.98
107.53
106.73
107.32
106.78
105.76
105.56
105.63
105.06
104.46
104.56
105.09
105.04
104.75
106.12
105.87
106.02
105.67
106.01
106.96
106.88
106.73
107.5
107.8
108.18
107.35
107.77
107.87
108.24
108.63
108.69
108.17
108.31
107.56
107.15
107.55
107.57
107.18
106.39
106.33
105.96
105.62
105.2
104.75
104.54
104.17
104.56
104.84
104
104.12
103.95
104.68
105.19
104.78
105.29
104.75
104.39
104.63
105.23
105.39
104.84
104.04
105.57
105.65
105.55
105.42
104.42
105.09
105.72
105.85
105.63
105.85
104.84
104.09
104.47
103.59
103.68
103.7
103.28
102.71
103.07
104.07
102.62
102.7
103.43
102.77
102.27
102.13
102.05
102.38
102.45
103.33
104.35
104.76
105.02
104.15
104.57
102.78
102.63
103.08
103.86
103.06
103.07
103.68
103.59
104.24
104.36
104.11
104.19
104.79
104.24
105.53
104.84
105.23
104.67
103.98
102.97
103.18
102.09
103.23
102.58
103.07
102.86
102.59
102.46
102.8
103.32
103.15
103.1
104.18
104.04
105.35
105.28
105.57
106.62
107.13
105.66
105.48
105.58
106.04
106.23
106.05
106.47
105.81
106.3
106.45
106.73
106.75
107.26
107.48
108.24
108.38
109.26
109.33
109.67
109.75
109.69
109.36
109.53
111.24
111.35
111.15
110.98
110.54
110.05
110.89
111.38
111.29
110.63
110.8
110.61
109.66
109.9
109.83
109.59
110.03
109.64
110.03
109.67
109.68
109.35
109.35
110.15
110.48
109.49
109.52
109.17
109.88
109.69
109.69
110.19
109.63
109.83
109.12
109.36
109.33
110.06
110.49
110.7
110.91
110.92
111.32
110.62
110.48
111.82
111.13
110.56
110.72
111.36
111.99
111.65
110.94
109.96
110.19
109.79
109.8
108.68
108.27
108.71
109.8
109.17
108.67
108.27
108.2
109.01
108.63
109.5
109.08
108.32
108.41
108.77
108.23
107.95
107.57
107.14
108.5
109.28
108.93
108.86
109.65
110.08
109.52
111.04
110.06
109.34
110.44
109.65
109.56
111.19
110.82
109.9
110.63
109.52
110.21
110.86
111.93
111.72
112.93
112.36
112.76
113.12
114.29
114.34
114.25
114.52
113
113.16
113.68
112.21
109.76
108.7
109.36
110.34
110.52
109.89
110.1
109.42
108.61
108.97
109.41
109.39
108.78
108.44
107.82
108.27
108.65
106.59
105.39
106.45
106.29
105.23
105.75
104.93
104.51
103.68
104.23
105.77
105.54
106.01
106.18
106.23
106.77
106.88
106.67
106.83
108.28
108.77
110.31
110.79
110.78
110.91
111.32
111.19
112.04
111.12
110.05
110.1
108.99
109.11
109.57
108.99
108.18
108.38
109.04
107.02
106.76
105.67
105.47
105.46
105.37
105.47
105.62
105.59
105.49
105.84
105.43
105.5
105.61
105.71
105.95
106.23
105.55
106.39
106.75
106.04
106.9
107.06
107.25
106.63
106.35
106.17
106.22
106.64
106.8
106.2
106.17
106.18
106.2
107.06
107.45
107.22
106.98
107.03
107.46
107.26
107.36
107.43
107.57
107.82
107.63
107.41
107.51
107.55
107.78
108.03
108.45
107.27
107.41
107.69
108.21
108.29
108.58
109.41
109.63
109.09
109.09
109.4
109.35
108.77
109.03
109.32
107.95
108.92
108.35
108.11
108.87
108.71
108.84
109.39
110.24
109.89
109.56
110.96
109.94
108.74
108.32
108.28
108.53
109.25
109.51
108.99
109.49
110.38
109.38
109.97
109.54
108.87
108.93
108.66
109.08
109.61
109.93
110.99
110.93
110.71
110.67
111.5
110.78
111.73
112.23
111.73
112.29
112.21
113.99
115.25
116.03
116.19
117.48
117.29
117.11
117.09
116.86
116.84
116.83
116.73
115.9
116.58
116.56
116.92
117.32
117.41
117.36
117.32
117.55
117.81
118.1
118.37
119.45
119.2
119.15
119.15
118.74
118.6
119.08
118.96
120.28
119.85
120.33
120.12
120.55
120.27
119.94
119.43
118.77
118.91
118.78
119.16
118.47
118.52
118.81
118.1
117.95
117.74
117.92
117.69
117.8
118.14
118.18
118.14
118.18
118.13
119.43
119.8
119.61
119.37
118.04
117.86
117.77
118.35
118.38
117.84
118.14
117.64
117.42
117.69
117.79
117.79
118.18
118.66
117.65
118.91
119.22
118.59
119.3
118.02
118.58
117.27
116.88
116.91
117.22
117.61
116.65
117.15
116.08
116.54
116.27
116.78
117.02
117.4
117.1
116.44
117.57
118.55
119.07
118.6
118.88
119.77
120.46
120.21
120.01
120.37
119.95
120.51
119.77
119.65
119.6
120.32
120.33
120.55
119.67
120.09
119.88
119.73
120
119.37
118.96
117.92
118.09
119.89
119.97
119.94
120.07
120.74
121.69
120.32
120.44
118.87
118.51
118.32
118.55
117.38
117.14
116.84
117.11
117.4
117.28
117.65
117.63
118.1
117.75
117.17
117.35
117.84
118.7
118.34
118.73
119.1
120.34
120.47
120.56
121.45
121.08
121.31
120.27
119.8
120.06
119.66
120.29
119.87
118.96
118.36
118.77
118.56
117.82
118.12
118.28
118.16
118.03
117.83
117.81
118.1
118.15
118.99
119.32
119.37
119.14
120.48
119.21
119.63
120.08
118.79
118.79
118.52
119.88
119.96
120.29
120.29
120.46
120.39
120.6
121.02
121.29
121.38
120.5
122.7
123.64
123.77
123.36
123.51
124.92
124.56
124.35
124.45
122.55
122.29
122.32
121.6
122.14
122.81
122.62
122.73
122.29
121.07
120.49
120.43
120.08
119.6
119.67
119.84
121.15
121.72
121.87
122.19
122.17
122.48
122.93
123.07
123.53
124.33
124.44
124.6
125.15
124.91
125.51
125.12
124.51
124.68
124.33
124.05
123.64
123.28
124.3
124.35
123.29
122.61
122.88
122.63
121.81
122.52
122.06
122.87
123.31
123.91
123.4
121.32
121.51
122.04
122.25
121.7
120.14
120.31
119.84
118.91
118.54
118.31
118.02
116.95
118.13
118.46
118.28
118.88
118.22
119.74
119.65
119.88
118.51
118.8
118.68
117.65
117.39
117.39
118.37
118.98
120.16
120.99
120.17
120.77
119.69
118.85
119.21
119.85
120.23
119.63
118.8
116.47
116.64
117.54
116.21
115.88
116.5
116.33
115.81
116.35
116.88
117.12
117.66
118.1
118.43
120.43
120.08
119.78
119.85
119.73
119.47
119.64
120.05
121.33
121.71
121.11
123.53
123.84
124.34
124.28
124.13
124.9
125.7
125.32
124.75
124.33
124.13
124.36
124.14
123.58
124.22
123.35
124.36
124.57
124.81
124.73
125.11
124.19
124.2
125.32
125.98
128.13
127.67
128.49
127.79
127.59
128.34
128.87
128.07
127.19
127.01
127.91
127.41
128.54
127.97
127.87
128.66
129.61
130.22
130.01
130.36
130.03
130.71
131.2
132.17
131.96
131.49
130.72
130.88
131.68
131.58
132.33
132.74
133.21
133.48
132.73
132.76
132.64
133.04
133.37
132.88
132.07
131.4
132.08
131.33
129
129.16
129.47
129.04
128.37
128.65
127.56
130.67
132.24
132.22
133.46
133.36
134.28
134.68
133.86
134.15
134.21
133.73
133.57
132.71
132.61
132.12
133.27
132.64
133.38
134.71
133.75
133.69
133.93
132.35
133.07
134.68
132.9
133.46
133.44
134.47
134.69
134.57
133.87
132.72
132.57
132.54
132.07
131.14
132.05
132.22
132.39
133.15
132.86
131.09
131.04
131.8
132.13
131.65
131.66
131.12
131.79
130.89
130.88
129.95
129.59
128.66
128.19
127.85
127.55
127.3
126.07
126.01
126.02
126.01
125.53
124.6
124.14
124.18
124.16
123.48
123.87
123.06
123.96
124.06
124.22
123.91
123.22
122.58
123.13
122.94
122.4
121.56
121.57
120.53
120.32
120.11
121.03
121.24
121.66
121.73
121.9
122.42
122.08
121.98
122.7
122.87
122.77
122.58
122.44
121.2
121.1
121.31
121.25
120.85
121.12
121.42
120.37
120.11
119.88
120.51
120.45
120.57
120.8
120.23
119.56
119.74
117.72
117.63
117.55
116.58
116.38
117.58
117.26
117.82
117.35
118.91
119.52
119.42
121.04
120
120.8
120.67
119.33
118.74
118.79
119.4
120.13
120.06
119.91
120.03
119.87
120.39
119.65
120.74
120.24
120.38
119.58
121.75
122.49
122.01
121.91
123.61
123.54
123.9
123.66
123.7
124.63
125
125.14
123.53
123.76
123.53
124.09
124.4
122.98
123.33
123.89
124.96
125.46
124.94
123.89
124.31
125.42
125.33
125.87
125.68
124.45
124.4
124.12
124.65
124.78
124.34
123.79
123.81
124.5
124.6
123.83
122.85
123.27
122.93
121.34
122.12
121.7
121.91
120.94
120.15
120.16
120.24
119.28
119.24
119.23
120.35
120.26
121.08
120.65
119.83
120.15
122.89
122.65
123.5
122.58
123.44
123.32
123.35
122.51
122.58
122.27
121.29
121.13
121.35
121.36
121.44
121.98
123.48
124
123.17
122.11
122.25
121.25
122.54
120.94
122.05
123.36
124.34
124.2
123.59
124.79
124.45
125.13
123.77
124.01
125.33
125.52
126.8
126.34
123.67
122.38
122.25
122.57
122.76
123.52
123.49
122.19
122.83
123.03
122.34
121.03
119.69
120.57
119.53
119.74
119.88
118.75
119.18
119.01
117.4
117.37
116.24
116.47
115.8
117.08
116.56
115.67
116.03
115.73
115.5
116.31
116.82
117.41
117.5
116.78
116.23
114.78
114.77
115.75
115.59
116.57
115.86
116.76
117.18
116.79
117.73
116.73
116.41
117.18
118.14
118.88
117.72
118.99
118.55
117.81
116.43
116.88
116.16
116.53
115.55
113.58
114.36
114.36
114.41
114.33
114.14
113.57
112.95
112.88
112.27
112.77
112.41
112.24
112.58
111.91
112.27
111.44
110.79
111.04
110.53
110.19
111.16
111.12
111.29
110.38
111.24
110.17
110.57
111.28
110.22
110.15
110.07
109.88
108.77
108.94
108.78
108.17
107.69
107.87
107.44
107.25
107.07
107.44
107.08
108.22
108.17
108.84
108.98
108.65
108.34
108.22
107.75
108.24
108.85
108.45
107.7
108.02
108.05
107.83
107.7
107.77
107.75
108.85
108.81
109.11
109.28
108.87
108.83
108.14
107.63
107.32
107.59
107.77
107.92
106.63
106.53
106.99
106.9
107.12
107.58
107.09
106.83
106.12
106.12
105.17
105.89
105.84
105.87
106
106.67
106.44
106.05
106.53
106.86
106.85
106.96
108.32
108.7
108.41
108.53
108.54
109.02
109.43
108.53
108.66
107.82
108.62
109.1
108.65
108.33
108.99
109.33
109.43
109.59
109.16
109.19
109.12
108.78
108.92
107.67
108.29
108.14
108
107.72
108.13
108.09
107.12
107.01
107.91
107.44
106.96
106.1
105.69
106.12
105.32
105.57
105.36
105.66
104.75
104.57
105.55
105.53
105.91
106.41
106.46
106.63
106.93
106.85
106.91
105.84
105.32
105.8
107.33
108.03
108.52
107.66
106.55
107.04
107.15
107.35
107.8
106.42
107.14
106.98
108.65
109.32
109.66
109.3
108.47
108.52
109.53
109.19
109
108.56
108.03
109.02
108.41
108.76
108.18
106.43
106.27
106.31
105.78
105.77
105.77
104.82
104.74
104.54
104.74
105.88
105.78
106.92
106.44
105.37
104.77
104.88
105.16
104.9
102.78
105.57
105.69
105.84
106.79
106.87
107.24
107.11
106.78
106.3
106.73
105.37
105.69
105.12
105.52
106.35
106.53
107.17
106.12
107.54
107.9
107.74
107.28
110.33
109.45
110.29
111.37
111.07
110.69
111.26
111.09
110.56
109.44
109.22
108.96
108.82
109.27
108.79
109.47
108.62
107.19
107.56
108.16
107.85
107.32
107.13
105.12
105.66
106.04
105.57
104.78
105.47
105.32
105.67
104.9
105.87
106.17
105.79
105.95
105.16
105.34
105.23
104.14
103.22
101.45
102.51
102.49
102.1
102.51
102.24
102.93
102.14
101.64
102.14
102.44
103.03
103.1
103.72
103.54
103.12
102.25
102.47
102.88
102.4
102.96
102.67
102.77
102.61
102.16
102.72
101.87
104.42
104.73
104.29
104.73
106.39
105.94
105.55
105.89
104.79
105.3
104.87
104.65
104.94
105.17
106.05
104.82
104.89
104.06
104.06
104.1
105.04
104.34
104.85
105.39
105.81
106.05
106.61
105.42
105.37
105.5
107.37
106.59
106.12
106.89
107.6
107.17
107.5
106.41
106.2
105.1
106.46
107.09
106.5
105.93
104.18
103.73
104.33
104.85
106.12
107.16
105.25
104.68
105.88
106.65
108.72
108.06
111.18
110.77
109.69
110.04
109.13
109.14
109.73
110.63
111.43
111.57
111.09
110.82
111.67
111.29
111.6
111.84
113.93
114.59
115.83
115.29
115.39
114.83
115.08
114.87
114.45
114.33
115.29
114.4
114.53
115.43
115.9
116.47
116.85
116.64
116.86
118.18
118.93
118.25
120.97
120.99
120.74
121.24
122.12
122.41
122.53
122.27
122.25
122.37
121
120.78
121.1
121
121.51
121.47
121.91
121.93
121.7
122.38
120.47
119.41
120.42
120.43
120.61
117.9
118.96
119.12
119.23
120.8
122.24
121.5
121.49
120.73
121.8
121.56
120.15
122.38
122.25
123.2
124
124.33
124.3
123.32
123.57
122.84
121.78
120.94
120.95
120.55
120.81
120.58
120.47
120.82
120.31
119.48
119.18
119.1
120.29
119.25
119.13
119.53
119.85
118.95
117.6
117.84
119.15
118.75
119.78
120.37
121
121.17
121.38
120.58
121.78
120.52
120.77
118.9
120.28
120.27
120.3
118.21
118.09
118.16
118.33
117.14
117.47
118.28
117.52
117.95
118.7
119.19
119.79
121.17
121.8
122.73
123.44
121.77
120.11
119.7
119.2
119.84
121.45
120.8
121.28
121.3
119.67
118.83
118.57
115.72
114.25
114.63
114.36
114.08
114.55
113.13
112.07
112.99
111.98
114.95
116.33
116.33
115.64
113.87
113.86
114.57
113.83
113.09
113.47
114.23
114.15
113.58
113.36
112.59
108.89
110.85
111.31
112.88
111.58
112.02
113.6
113.6
114.96
115.58
116.03
116.23
116
115.83
116.6
115.82
115.65
116.36
116.75
116.73
115.66
116.35
117.11
117.93
119.03
120.05
118.72
117.95
119.97
121.88
122.94
123.05
122.23
121.75
121.16
121.14
120.4
119.93
121.98
120.95
120.41
122.77
121.99
121.67
122.07
121.88
119
118.13
116.96
115.16
114.76
115.98
116.92
117.83
118.03
119.45
118.07
117.45
117.13
116.2
114.4
115.27
115.8
118.79
119.28
117.45
116.65
118.85
121.3
130.03
134.3
135.5
135.95
136.46
134.4
135.93
136.15
134.89
135.63
135.52
134.57
132.75
131.87
134.15
134
132.13
130.95
134.58
136.29
132.11
131.9
133.53
134.35
138.32
136.71
139.3
141.8
141.99
144.14
144.14
143.73
144.65
142.91
143.85
144.93
146.07
146.38
145.03
146.18
147.26
146.31
146.22
144.38
144.01
144.87
145.53
144.66
143.83
142.4
141.14
142.48
141.7
141.31
141.11
140.33
139.03
139.63
140.22
140.68
140
141.14
141.4
141.1
139.4
138.67
140.14
139.4
140.71
137.91
138.78
142
142.21
142.25
141.05
139.26
137.96
137.02
137.85
136.75
143.18
146.15
144.2
144.05
140.57
140.32
140.78
139.77
138.49
138.7
138.75
139.67
138.8
138.62
137.45
137.86
136.99
135.97
134.97
136.08
136.26
135.95
134.66
133.63
134.13
133.98
132.88
132.95
133.32
133.17
131.58
133.03
133.44
132.87
132.32
132.12
132.18
131.3
129.85
130.51
131.3
132.12
131.79
131.77
130.35
129.5
129.63
128.65
131.48
131.21
133.45
134.71
135.15
133.75
133.63
133.07
131.97
130.25
128.41
128.92
130.29
130.46
130.35
130.67
130.04
128.89
129.53
127.85
128.86
129.2
127.38
127.65
127.77
127.78
126.63
126.21
125.62
126.1
127.25
128.43
127.97
127.95
127.8
125.91
126.5
126.58
126.07
125.17
124.69
123.53
123.27
124.28
124.15
123.58
123.7
125.83
126.28
127.05
125.85
124.98
125.16
126.68
125.7
127.37
126.86
128.38
129.26
129.35
129.8
130.9
131.51
132.63
132.09
132.55
132.05
134.18
133.42
132.32
130.55
130.59
130.1
129.61
130.18
130.03
129.78
129.51
130.33
129.4
128.45
127.13
130.73
130.88
130.33
129.65
129.43
129.74
130.58
130.32
129.38
128.65
128.66
128.68
127.85
126.87
127.14
127.36
126.93
126.37
125.98
126.91
126.13
125.78
125.4
125.73
126.45
124.86
124.33
124.26
